100,166,1
101,222,1
102,55,1
128,197,1
129,254,1
130,218,1
131,5,1
155,29,1
156,249,1
157,254,1
158,254,1
159,9,1
183,45,1
184,254,1
185,254,1
186,174,1
187,2,1
210,4,1
211,164,1
212,254,1
213,254,1
214,85,1
238,146,1
239,254,1
240,254,1
241,254,1
242,85,1
265,101,1
266,245,1
267,254,1
268,254,1
269,254,1
270,85,1
292,97,1
293,248,1
294,254,1
295,204,1
296,254,1
297,254,1
298,85,1
315,12,1
316,59,1
317,98,1
318,151,1
319,237,1
320,254,1
321,254,1
322,109,1
323,35,1
324,254,1
325,254,1
326,85,1
343,41,1
344,216,1
345,254,1
346,254,1
347,239,1
348,153,1
349,37,1
350,4,1
351,32,1
352,254,1
353,254,1
354,85,1
372,7,1
373,44,1
374,44,1
375,30,1
379,32,1
380,254,1
381,254,1
382,96,1
407,19,1
408,230,1
409,254,1
410,174,1
436,197,1
437,254,1
438,110,1
464,197,1
465,254,1
466,85,1
492,197,1
493,253,1
494,63,1
515,37,1
516,54,1
517,54,1
518,45,1
519,26,1
520,84,1
521,221,1
522,84,1
523,21,1
524,31,1
525,162,1
526,78,1
540,6,1
541,41,1
542,141,1
543,244,1
544,254,1
545,254,1
546,248,1
547,236,1
548,254,1
549,254,1
550,254,1
551,233,1
552,239,1
553,254,1
554,138,1
567,23,1
568,167,1
569,254,1
570,254,1
571,254,1
572,254,1
573,229,1
574,228,1
575,185,1
576,138,1
577,138,1
578,138,1
579,138,1
580,138,1
581,138,1
582,44,1
595,113,1
596,254,1
597,254,1
598,254,1
599,179,1
600,64,1
601,5,1
623,32,1
624,209,1
625,183,1
626,97,1
101,11,1
102,150,1
103,72,1
129,37,1
130,251,1
131,71,1
157,63,1
158,251,1
159,71,1
185,217,1
186,251,1
187,71,1
213,217,1
214,251,1
215,71,1
240,145,1
241,253,1
242,253,1
243,72,1
267,42,1
268,206,1
269,251,1
270,251,1
271,71,1
295,99,1
296,251,1
297,251,1
298,251,1
299,71,1
323,253,1
324,251,1
325,251,1
326,251,1
327,71,1
350,130,1
351,253,1
352,251,1
353,251,1
354,251,1
355,71,1
377,110,1
378,253,1
379,255,1
380,253,1
381,253,1
382,253,1
383,72,1
405,109,1
406,251,1
407,253,1
408,251,1
409,251,1
410,188,1
411,30,1
433,109,1
434,251,1
435,253,1
436,251,1
437,246,1
438,123,1
460,16,1
461,170,1
462,251,1
463,253,1
464,251,1
465,215,1
488,37,1
489,251,1
490,251,1
491,253,1
492,251,1
493,86,1
516,218,1
517,253,1
518,253,1
519,255,1
520,253,1
521,35,1
543,84,1
544,236,1
545,251,1
546,251,1
547,253,1
548,168,1
549,15,1
571,144,1
572,251,1
573,251,1
574,251,1
575,190,1
576,15,1
599,144,1
600,251,1
601,251,1
602,251,1
603,180,1
626,53,1
627,221,1
628,251,1
629,251,1
630,251,1
631,180,1
120,85,1
121,253,1
122,132,1
123,9,1
147,82,1
148,241,1
149,251,1
150,251,1
151,128,1
175,175,1
176,251,1
177,251,1
178,251,1
179,245,1
180,121,1
203,13,1
204,204,1
205,251,1
206,251,1
207,251,1
208,245,1
209,107,1
232,39,1
233,251,1
234,251,1
235,251,1
236,251,1
237,167,1
238,22,1
260,15,1
261,155,1
262,251,1
263,251,1
264,251,1
265,251,1
266,177,1
289,15,1
290,157,1
291,248,1
292,251,1
293,251,1
294,251,1
295,165,1
319,214,1
320,251,1
321,251,1
322,251,1
323,212,1
324,78,1
325,24,1
347,109,1
348,251,1
349,251,1
350,251,1
351,253,1
352,251,1
353,170,1
354,10,1
375,5,1
376,57,1
377,162,1
378,251,1
379,253,1
380,251,1
381,251,1
382,18,1
405,106,1
406,239,1
407,255,1
408,253,1
409,253,1
410,213,1
434,105,1
435,253,1
436,251,1
437,251,1
438,230,1
439,72,1
463,253,1
464,251,1
465,251,1
466,251,1
467,221,1
468,67,1
491,72,1
492,251,1
493,251,1
494,251,1
495,251,1
496,96,1
519,36,1
520,199,1
521,251,1
522,251,1
523,251,1
524,155,1
525,15,1
548,45,1
549,204,1
550,251,1
551,251,1
552,251,1
553,157,1
577,161,1
578,249,1
579,251,1
580,251,1
581,248,1
582,147,1
606,233,1
607,251,1
608,251,1
609,251,1
610,173,1
634,233,1
635,251,1
636,251,1
637,251,1
638,173,1
662,53,1
663,131,1
664,251,1
665,251,1
666,173,1
124,102,1
125,180,1
126,1,1
152,140,1
153,254,1
154,130,1
180,140,1
181,254,1
182,204,1
208,140,1
209,254,1
210,204,1
236,72,1
237,254,1
238,204,1
264,25,1
265,231,1
266,250,1
267,135,1
292,11,1
293,211,1
294,254,1
295,222,1
321,101,1
322,254,1
323,250,1
324,15,1
349,96,1
350,254,1
351,254,1
352,95,1
377,2,1
378,251,1
379,254,1
380,95,1
405,2,1
406,251,1
407,254,1
408,95,1
433,96,1
434,254,1
435,254,1
436,95,1
461,53,1
462,253,1
463,254,1
464,139,1
490,250,1
491,254,1
492,235,1
493,27,1
518,201,1
519,254,1
520,254,1
521,128,1
546,80,1
547,254,1
548,254,1
549,139,1
574,65,1
575,254,1
576,254,1
577,139,1
602,150,1
603,254,1
604,254,1
605,139,1
630,229,1
631,254,1
632,254,1
633,43,1
658,52,1
659,196,1
660,168,1
661,9,1
124,102,1
125,252,1
126,252,1
127,41,1
152,102,1
153,250,1
154,250,1
155,202,1
180,102,1
181,250,1
182,250,1
183,232,1
184,91,1
208,102,1
209,250,1
210,250,1
211,212,1
212,29,1
236,102,1
237,252,1
238,252,1
239,254,1
240,150,1
264,102,1
265,250,1
266,250,1
267,252,1
268,149,1
292,102,1
293,250,1
294,250,1
295,252,1
296,149,1
320,102,1
321,250,1
322,250,1
323,252,1
324,231,1
325,80,1
349,152,1
350,252,1
351,254,1
352,252,1
353,100,1
377,151,1
378,250,1
379,252,1
380,250,1
381,100,1
405,151,1
406,250,1
407,252,1
408,250,1
409,100,1
433,151,1
434,250,1
435,252,1
436,250,1
437,100,1
461,123,1
462,243,1
463,254,1
464,252,1
465,100,1
490,202,1
491,252,1
492,250,1
493,100,1
518,80,1
519,252,1
520,250,1
521,190,1
522,30,1
547,252,1
548,250,1
549,250,1
550,49,1
575,255,1
576,252,1
577,252,1
578,252,1
579,214,1
580,31,1
603,171,1
604,250,1
605,250,1
606,250,1
607,252,1
608,190,1
609,40,1
631,20,1
632,160,1
633,250,1
634,250,1
635,252,1
636,250,1
637,100,1
660,20,1
661,170,1
662,250,1
663,212,1
664,49,1
665,20,1
124,111,1
125,255,1
126,48,1
152,162,1
153,253,1
154,237,1
155,63,1
180,206,1
181,253,1
182,253,1
183,183,1
208,87,1
209,217,1
210,253,1
211,205,1
237,90,1
238,253,1
239,238,1
240,60,1
265,37,1
266,225,1
267,253,1
268,89,1
294,206,1
295,253,1
296,159,1
322,206,1
323,253,1
324,226,1
350,206,1
351,253,1
352,226,1
378,206,1
379,253,1
380,226,1
406,206,1
407,253,1
408,226,1
434,206,1
435,253,1
436,226,1
462,206,1
463,253,1
464,226,1
490,206,1
491,253,1
492,226,1
518,206,1
519,253,1
520,237,1
521,45,1
546,206,1
547,253,1
548,253,1
549,109,1
574,173,1
575,253,1
576,253,1
577,109,1
602,69,1
603,253,1
604,253,1
605,109,1
630,64,1
631,248,1
632,253,1
633,109,1
659,112,1
660,253,1
661,109,1
124,29,1
125,197,1
126,255,1
127,84,1
152,85,1
153,251,1
154,253,1
155,83,1
180,86,1
181,253,1
182,254,1
183,253,1
208,85,1
209,251,1
210,253,1
211,251,1
236,86,1
237,253,1
238,254,1
239,253,1
240,169,1
264,85,1
265,251,1
266,253,1
267,251,1
268,168,1
292,86,1
293,253,1
294,254,1
295,253,1
296,169,1
320,28,1
321,196,1
322,253,1
323,251,1
324,168,1
349,169,1
350,254,1
351,253,1
352,169,1
377,168,1
378,253,1
379,251,1
380,168,1
405,169,1
406,254,1
407,253,1
408,169,1
433,168,1
434,253,1
435,251,1
436,168,1
462,254,1
463,253,1
464,254,1
465,139,1
490,253,1
491,251,1
492,253,1
493,251,1
518,254,1
519,253,1
520,254,1
521,253,1
522,57,1
546,253,1
547,251,1
548,253,1
549,251,1
550,168,1
574,198,1
575,253,1
576,254,1
577,253,1
578,114,1
602,85,1
603,251,1
604,253,1
605,251,1
630,85,1
631,253,1
632,254,1
633,253,1
658,28,1
659,83,1
660,196,1
661,83,1
124,32,1
125,253,1
126,31,1
152,32,1
153,251,1
154,149,1
180,32,1
181,251,1
182,188,1
208,32,1
209,251,1
210,188,1
236,32,1
237,251,1
238,228,1
239,59,1
264,32,1
265,253,1
266,253,1
267,95,1
292,28,1
293,236,1
294,251,1
295,114,1
321,127,1
322,251,1
323,251,1
349,127,1
350,251,1
351,251,1
377,48,1
378,232,1
379,251,1
406,223,1
407,253,1
408,159,1
434,221,1
435,251,1
436,158,1
462,142,1
463,251,1
464,158,1
490,64,1
491,251,1
492,242,1
493,55,1
518,64,1
519,251,1
520,253,1
521,161,1
546,64,1
547,253,1
548,255,1
549,221,1
574,16,1
575,181,1
576,253,1
577,220,1
603,79,1
604,253,1
605,236,1
606,63,1
632,213,1
633,251,1
634,126,1
660,96,1
661,251,1
662,126,1
125,145,1
126,255,1
127,211,1
128,31,1
152,32,1
153,237,1
154,253,1
155,252,1
156,71,1
180,11,1
181,175,1
182,253,1
183,252,1
184,71,1
209,144,1
210,253,1
211,252,1
212,71,1
236,16,1
237,191,1
238,253,1
239,252,1
240,71,1
264,26,1
265,221,1
266,253,1
267,252,1
268,124,1
269,31,1
293,125,1
294,253,1
295,252,1
296,252,1
297,108,1
322,253,1
323,252,1
324,252,1
325,108,1
350,255,1
351,253,1
352,253,1
353,108,1
378,253,1
379,252,1
380,252,1
381,108,1
406,253,1
407,252,1
408,252,1
409,108,1
434,253,1
435,252,1
436,252,1
437,108,1
462,255,1
463,253,1
464,253,1
465,170,1
490,253,1
491,252,1
492,252,1
493,252,1
494,42,1
518,149,1
519,252,1
520,252,1
521,252,1
522,144,1
546,109,1
547,252,1
548,252,1
549,252,1
550,144,1
575,218,1
576,253,1
577,253,1
578,255,1
579,35,1
603,175,1
604,252,1
605,252,1
606,253,1
607,35,1
631,73,1
632,252,1
633,252,1
634,253,1
635,35,1
659,31,1
660,211,1
661,252,1
662,253,1
663,35,1
125,149,1
126,255,1
127,254,1
128,58,1
153,215,1
154,253,1
155,183,1
156,2,1
180,41,1
181,232,1
182,253,1
183,181,1
208,92,1
209,253,1
210,253,1
211,181,1
236,92,1
237,253,1
238,253,1
239,181,1
264,92,1
265,253,1
266,253,1
267,181,1
292,92,1
293,253,1
294,253,1
295,181,1
320,92,1
321,253,1
322,253,1
323,181,1
348,92,1
349,253,1
350,253,1
351,181,1
376,92,1
377,253,1
378,253,1
379,181,1
404,92,1
405,253,1
406,253,1
407,181,1
432,92,1
433,253,1
434,253,1
435,181,1
460,92,1
461,253,1
462,253,1
463,181,1
488,31,1
489,228,1
490,253,1
491,181,1
517,198,1
518,253,1
519,228,1
520,54,1
545,33,1
546,226,1
547,253,1
548,195,1
549,7,1
574,199,1
575,253,1
576,253,1
577,75,1
602,34,1
603,218,1
604,253,1
605,228,1
606,117,1
607,14,1
608,12,1
631,33,1
632,219,1
633,253,1
634,253,1
635,253,1
636,211,1
660,32,1
661,123,1
662,149,1
663,230,1
664,41,1
125,26,1
126,240,1
127,72,1
153,25,1
154,238,1
155,208,1
182,209,1
183,226,1
184,14,1
210,209,1
211,254,1
212,43,1
238,175,1
239,254,1
240,128,1
266,63,1
267,254,1
268,204,1
294,107,1
295,254,1
296,204,1
322,88,1
323,254,1
324,204,1
350,55,1
351,254,1
352,204,1
378,126,1
379,254,1
380,204,1
406,126,1
407,254,1
408,189,1
434,169,1
435,254,1
436,121,1
462,209,1
463,254,1
464,193,1
490,209,1
491,254,1
492,111,1
517,22,1
518,235,1
519,254,1
520,37,1
545,137,1
546,254,1
547,227,1
548,16,1
573,205,1
574,255,1
575,185,1
601,205,1
602,254,1
603,125,1
629,205,1
630,254,1
631,125,1
657,111,1
658,212,1
659,43,1
125,29,1
126,85,1
127,255,1
128,139,1
153,197,1
154,251,1
155,253,1
156,251,1
181,254,1
182,253,1
183,254,1
184,253,1
209,253,1
210,251,1
211,253,1
212,251,1
237,254,1
238,253,1
239,254,1
240,253,1
265,253,1
266,251,1
267,253,1
268,138,1
293,254,1
294,253,1
295,254,1
296,196,1
321,253,1
322,251,1
323,253,1
324,196,1
349,254,1
350,253,1
351,254,1
352,84,1
377,253,1
378,251,1
379,253,1
380,196,1
405,254,1
406,253,1
407,254,1
408,253,1
433,253,1
434,251,1
435,253,1
436,251,1
461,254,1
462,253,1
463,254,1
464,253,1
489,253,1
490,251,1
491,253,1
492,251,1
517,254,1
518,253,1
519,254,1
520,253,1
545,253,1
546,251,1
547,253,1
548,251,1
573,254,1
574,253,1
575,254,1
576,253,1
601,253,1
602,251,1
603,253,1
604,251,1
629,57,1
630,225,1
631,254,1
632,253,1
658,56,1
659,253,1
660,251,1
125,42,1
126,232,1
127,254,1
128,58,1
153,86,1
154,253,1
155,253,1
156,58,1
181,86,1
182,253,1
183,253,1
184,58,1
209,206,1
210,253,1
211,253,1
212,58,1
237,215,1
238,253,1
239,253,1
240,58,1
265,215,1
266,253,1
267,253,1
268,58,1
293,215,1
294,253,1
295,253,1
296,58,1
321,215,1
322,253,1
323,253,1
324,58,1
349,215,1
350,253,1
351,253,1
352,58,1
377,215,1
378,253,1
379,253,1
380,58,1
405,215,1
406,253,1
407,253,1
408,58,1
433,188,1
434,253,1
435,253,1
436,85,1
461,86,1
462,253,1
463,253,1
464,200,1
465,12,1
489,29,1
490,223,1
491,253,1
492,253,1
493,151,1
518,209,1
519,253,1
520,253,1
521,194,1
546,128,1
547,253,1
548,253,1
549,200,1
550,8,1
574,32,1
575,213,1
576,253,1
577,253,1
578,152,1
579,6,1
603,32,1
604,221,1
605,253,1
606,253,1
607,153,1
608,5,1
632,90,1
633,215,1
634,253,1
635,253,1
636,151,1
661,59,1
662,253,1
663,253,1
664,84,1
126,134,1
127,230,1
154,133,1
155,231,1
156,10,1
182,133,1
183,253,1
184,96,1
210,133,1
211,253,1
212,96,1
238,133,1
239,253,1
240,183,1
266,133,1
267,253,1
268,217,1
294,133,1
295,253,1
296,217,1
322,133,1
323,253,1
324,217,1
350,133,1
351,253,1
352,217,1
378,133,1
379,253,1
380,217,1
406,134,1
407,254,1
408,218,1
434,133,1
435,253,1
436,159,1
462,133,1
463,253,1
464,199,1
490,156,1
491,253,1
492,96,1
518,254,1
519,247,1
520,73,1
546,254,1
547,248,1
548,74,1
573,99,1
574,254,1
575,245,1
576,64,1
600,89,1
601,230,1
602,254,1
603,125,1
627,140,1
628,251,1
629,253,1
630,243,1
631,10,1
655,114,1
656,242,1
657,195,1
658,69,1
126,15,1
127,200,1
128,255,1
129,90,1
154,42,1
155,254,1
156,254,1
157,173,1
182,42,1
183,254,1
184,254,1
185,199,1
210,26,1
211,237,1
212,254,1
213,221,1
214,12,1
239,213,1
240,254,1
241,231,1
242,17,1
267,213,1
268,254,1
269,199,1
295,213,1
296,254,1
297,199,1
323,213,1
324,254,1
325,96,1
350,20,1
351,232,1
352,254,1
353,33,1
378,84,1
379,254,1
380,229,1
381,17,1
406,168,1
407,254,1
408,203,1
433,8,1
434,217,1
435,254,1
436,187,1
461,84,1
462,254,1
463,254,1
464,48,1
489,195,1
490,254,1
491,254,1
492,37,1
516,20,1
517,233,1
518,254,1
519,212,1
520,4,1
544,132,1
545,254,1
546,254,1
547,82,1
571,9,1
572,215,1
573,254,1
574,254,1
575,116,1
576,46,1
599,55,1
600,254,1
601,254,1
602,254,1
603,254,1
604,121,1
627,113,1
628,254,1
629,254,1
630,254,1
631,254,1
632,40,1
655,12,1
656,163,1
657,254,1
658,185,1
659,58,1
660,1,1
126,94,1
127,132,1
154,250,1
155,250,1
156,4,1
182,250,1
183,254,1
184,95,1
210,250,1
211,254,1
212,95,1
238,250,1
239,254,1
240,95,1
266,250,1
267,254,1
268,95,1
294,250,1
295,254,1
296,95,1
322,250,1
323,254,1
324,95,1
350,250,1
351,254,1
352,95,1
378,250,1
379,254,1
380,95,1
405,77,1
406,254,1
407,250,1
408,19,1
433,96,1
434,254,1
435,249,1
461,53,1
462,253,1
463,252,1
464,43,1
490,250,1
491,251,1
492,32,1
517,85,1
518,254,1
519,249,1
545,96,1
546,254,1
547,249,1
573,83,1
574,254,1
575,250,1
576,14,1
602,250,1
603,254,1
604,95,1
630,250,1
631,255,1
632,95,1
658,132,1
659,254,1
660,95,1
126,94,1
127,254,1
128,75,1
154,166,1
155,253,1
156,231,1
182,208,1
183,253,1
184,147,1
210,208,1
211,253,1
212,116,1
238,208,1
239,253,1
240,168,1
266,146,1
267,254,1
268,222,1
294,166,1
295,253,1
296,116,1
322,208,1
323,253,1
324,116,1
350,166,1
351,253,1
352,158,1
378,145,1
379,253,1
380,231,1
406,209,1
407,254,1
408,169,1
434,187,1
435,253,1
436,168,1
462,93,1
463,253,1
464,116,1
490,93,1
491,253,1
492,116,1
518,93,1
519,253,1
520,116,1
546,94,1
547,254,1
548,179,1
549,11,1
574,93,1
575,253,1
576,246,1
577,101,1
602,145,1
603,253,1
604,255,1
605,92,1
630,93,1
631,253,1
632,246,1
633,59,1
658,93,1
659,253,1
660,74,1
127,155,1
128,253,1
129,126,1
155,253,1
156,251,1
157,141,1
158,4,1
183,253,1
184,251,1
185,251,1
186,31,1
211,253,1
212,251,1
213,251,1
214,31,1
239,253,1
240,251,1
241,251,1
242,31,1
267,255,1
268,253,1
269,253,1
270,31,1
293,8,1
294,131,1
295,253,1
296,251,1
297,235,1
298,27,1
321,64,1
322,251,1
323,253,1
324,251,1
325,126,1
349,64,1
350,251,1
351,253,1
352,251,1
353,126,1
377,64,1
378,251,1
379,253,1
380,251,1
381,126,1
405,64,1
406,253,1
407,255,1
408,221,1
433,182,1
434,251,1
435,253,1
436,200,1
460,64,1
461,236,1
462,251,1
463,253,1
464,62,1
487,8,1
488,158,1
489,251,1
490,251,1
491,169,1
492,8,1
515,32,1
516,251,1
517,251,1
518,251,1
519,158,1
543,32,1
544,253,1
545,253,1
546,253,1
547,159,1
571,32,1
572,251,1
573,251,1
574,251,1
575,39,1
599,32,1
600,251,1
601,251,1
602,251,1
627,32,1
628,251,1
629,251,1
630,251,1
631,100,1
655,32,1
656,251,1
657,251,1
658,251,1
127,20,1
128,254,1
129,255,1
130,37,1
155,19,1
156,253,1
157,253,1
158,134,1
183,19,1
184,253,1
185,253,1
186,246,1
187,125,1
211,76,1
212,253,1
213,253,1
214,253,1
215,158,1
239,207,1
240,253,1
241,253,1
242,253,1
243,158,1
267,207,1
268,253,1
269,253,1
270,253,1
271,158,1
294,48,1
295,223,1
296,253,1
297,253,1
298,243,1
299,106,1
322,141,1
323,253,1
324,253,1
325,253,1
326,113,1
349,65,1
350,237,1
351,253,1
352,253,1
353,253,1
354,36,1
377,76,1
378,253,1
379,253,1
380,253,1
381,253,1
382,36,1
405,76,1
406,253,1
407,253,1
408,253,1
409,253,1
410,36,1
433,76,1
434,253,1
435,253,1
436,253,1
437,118,1
438,4,1
460,4,1
461,148,1
462,253,1
463,253,1
464,253,1
465,103,1
488,10,1
489,253,1
490,253,1
491,253,1
492,253,1
493,103,1
516,10,1
517,253,1
518,253,1
519,253,1
520,173,1
521,7,1
544,10,1
545,253,1
546,253,1
547,253,1
548,168,1
572,143,1
573,253,1
574,253,1
575,239,1
576,49,1
600,198,1
601,253,1
602,253,1
603,234,1
615,140,1
628,198,1
629,253,1
630,253,1
631,234,1
656,198,1
657,253,1
658,253,1
659,234,1
127,63,1
128,128,1
129,2,1
155,63,1
156,254,1
157,123,1
183,63,1
184,254,1
185,179,1
211,63,1
212,254,1
213,179,1
239,63,1
240,254,1
241,179,1
267,142,1
268,254,1
269,179,1
295,187,1
296,254,1
297,158,1
323,187,1
324,254,1
325,55,1
350,68,1
351,235,1
352,254,1
353,55,1
378,181,1
379,254,1
380,254,1
381,55,1
406,181,1
407,254,1
408,202,1
409,14,1
434,181,1
435,254,1
436,186,1
462,181,1
463,254,1
464,146,1
490,181,1
491,254,1
492,62,1
518,181,1
519,254,1
520,62,1
546,181,1
547,254,1
548,62,1
574,181,1
575,255,1
576,62,1
602,181,1
603,254,1
604,241,1
605,52,1
630,181,1
631,254,1
632,222,1
633,30,1
658,181,1
659,224,1
660,34,1
127,73,1
128,253,1
129,253,1
130,63,1
155,115,1
156,252,1
157,252,1
158,144,1
183,217,1
184,252,1
185,252,1
186,144,1
210,63,1
211,237,1
212,252,1
213,252,1
214,144,1
238,109,1
239,252,1
240,252,1
241,252,1
266,109,1
267,252,1
268,252,1
269,252,1
294,109,1
295,252,1
296,252,1
297,252,1
322,191,1
323,252,1
324,252,1
325,252,1
349,145,1
350,255,1
351,253,1
352,253,1
353,253,1
376,32,1
377,237,1
378,253,1
379,252,1
380,252,1
381,210,1
404,37,1
405,252,1
406,253,1
407,252,1
408,252,1
409,108,1
432,37,1
433,252,1
434,253,1
435,252,1
436,252,1
437,108,1
460,21,1
461,207,1
462,255,1
463,253,1
464,253,1
465,108,1
489,144,1
490,253,1
491,252,1
492,252,1
493,108,1
516,27,1
517,221,1
518,253,1
519,252,1
520,252,1
521,108,1
544,16,1
545,190,1
546,253,1
547,252,1
548,252,1
549,108,1
573,145,1
574,255,1
575,253,1
576,253,1
577,253,1
601,144,1
602,253,1
603,252,1
604,252,1
605,210,1
629,144,1
630,253,1
631,252,1
632,252,1
633,108,1
657,62,1
658,253,1
659,252,1
660,252,1
661,108,1
128,117,1
129,128,1
155,2,1
156,199,1
157,127,1
183,81,1
184,254,1
185,87,1
211,116,1
212,254,1
213,48,1
239,175,1
240,234,1
241,18,1
266,5,1
267,230,1
268,168,1
294,80,1
295,255,1
296,142,1
322,80,1
323,255,1
324,142,1
350,80,1
351,251,1
352,57,1
378,129,1
379,239,1
406,164,1
407,209,1
433,28,1
434,245,1
435,159,1
461,64,1
462,254,1
463,144,1
489,84,1
490,254,1
491,80,1
517,143,1
518,254,1
519,30,1
544,3,1
545,225,1
546,200,1
572,48,1
573,254,1
574,174,1
600,48,1
601,254,1
602,174,1
628,93,1
629,254,1
630,129,1
656,53,1
657,234,1
658,41,1
128,166,1
129,255,1
130,187,1
131,6,1
156,165,1
157,253,1
158,253,1
159,13,1
183,15,1
184,191,1
185,253,1
186,253,1
187,13,1
211,49,1
212,253,1
213,253,1
214,253,1
215,13,1
239,141,1
240,253,1
241,253,1
242,169,1
243,4,1
266,4,1
267,189,1
268,253,1
269,249,1
270,53,1
294,69,1
295,253,1
296,253,1
297,246,1
322,69,1
323,253,1
324,253,1
325,246,1
350,118,1
351,253,1
352,253,1
353,124,1
378,206,1
379,253,1
380,231,1
381,21,1
405,66,1
406,241,1
407,253,1
408,199,1
433,105,1
434,253,1
435,253,1
436,89,1
460,3,1
461,228,1
462,253,1
463,252,1
464,86,1
488,111,1
489,253,1
490,253,1
491,205,1
516,166,1
517,253,1
518,253,1
519,75,1
543,43,1
544,249,1
545,253,1
546,193,1
547,9,1
570,4,1
571,160,1
572,253,1
573,253,1
574,184,1
598,37,1
599,253,1
600,253,1
601,253,1
602,88,1
626,140,1
627,253,1
628,253,1
629,186,1
630,18,1
654,14,1
655,253,1
656,253,1
657,27,1
128,255,1
129,253,1
130,57,1
156,253,1
157,251,1
158,225,1
159,56,1
183,169,1
184,254,1
185,253,1
186,254,1
187,84,1
211,168,1
212,253,1
213,251,1
214,253,1
215,83,1
238,85,1
239,253,1
240,254,1
241,253,1
242,169,1
266,85,1
267,251,1
268,253,1
269,251,1
270,56,1
294,141,1
295,253,1
296,254,1
297,253,1
322,253,1
323,251,1
324,253,1
325,251,1
350,254,1
351,253,1
352,254,1
353,253,1
378,253,1
379,251,1
380,253,1
381,251,1
406,254,1
407,253,1
408,254,1
409,196,1
433,114,1
434,253,1
435,251,1
436,253,1
437,83,1
461,169,1
462,254,1
463,253,1
464,226,1
465,56,1
489,168,1
490,253,1
491,251,1
492,168,1
516,85,1
517,253,1
518,254,1
519,253,1
544,85,1
545,251,1
546,253,1
547,251,1
572,254,1
573,253,1
574,254,1
575,253,1
600,253,1
601,251,1
602,253,1
603,251,1
628,254,1
629,253,1
630,254,1
631,253,1
656,139,1
657,251,1
658,253,1
659,138,1
128,53,1
129,250,1
130,255,1
131,25,1
156,167,1
157,253,1
158,253,1
159,25,1
182,3,1
183,123,1
184,247,1
185,253,1
186,253,1
187,25,1
210,9,1
211,253,1
212,253,1
213,253,1
214,253,1
215,25,1
238,9,1
239,253,1
240,253,1
241,253,1
242,253,1
243,25,1
266,9,1
267,253,1
268,253,1
269,253,1
270,180,1
271,13,1
294,9,1
295,253,1
296,253,1
297,253,1
298,104,1
322,9,1
323,253,1
324,253,1
325,253,1
326,104,1
350,15,1
351,253,1
352,253,1
353,253,1
354,104,1
378,184,1
379,253,1
380,253,1
381,228,1
382,68,1
406,184,1
407,253,1
408,253,1
409,182,1
433,103,1
434,251,1
435,253,1
436,253,1
437,12,1
461,106,1
462,253,1
463,253,1
464,253,1
465,8,1
488,24,1
489,238,1
490,253,1
491,253,1
492,253,1
493,8,1
516,27,1
517,253,1
518,253,1
519,253,1
520,253,1
521,8,1
544,27,1
545,253,1
546,253,1
547,253,1
548,253,1
549,8,1
572,27,1
573,253,1
574,253,1
575,253,1
576,177,1
577,4,1
600,160,1
601,253,1
602,253,1
603,253,1
604,87,1
628,202,1
629,253,1
630,253,1
631,219,1
632,54,1
656,81,1
657,253,1
658,247,1
659,51,1
128,58,1
129,139,1
156,247,1
157,247,1
158,25,1
183,121,1
184,253,1
185,156,1
186,3,1
211,133,1
212,253,1
213,145,1
238,11,1
239,227,1
240,253,1
241,145,1
266,7,1
267,189,1
268,253,1
269,145,1
294,35,1
295,252,1
296,253,1
297,145,1
322,146,1
323,252,1
324,253,1
325,131,1
350,146,1
351,252,1
352,253,1
353,13,1
378,146,1
379,252,1
380,253,1
381,13,1
406,147,1
407,253,1
408,255,1
409,13,1
434,146,1
435,252,1
436,253,1
437,13,1
462,146,1
463,252,1
464,253,1
465,13,1
490,146,1
491,252,1
492,253,1
493,13,1
517,22,1
518,230,1
519,252,1
520,221,1
521,9,1
545,22,1
546,230,1
547,252,1
548,133,1
574,146,1
575,252,1
576,133,1
602,146,1
603,252,1
604,120,1
630,146,1
631,252,1
658,146,1
659,252,1
128,62,1
129,254,1
130,213,1
156,102,1
157,253,1
158,252,1
159,102,1
160,20,1
184,102,1
185,254,1
186,253,1
187,254,1
188,50,1
212,102,1
213,253,1
214,252,1
215,253,1
216,50,1
240,102,1
241,254,1
242,253,1
243,254,1
244,50,1
268,142,1
269,253,1
270,252,1
271,253,1
272,50,1
295,51,1
296,253,1
297,254,1
298,253,1
299,224,1
300,20,1
323,132,1
324,252,1
325,253,1
326,252,1
327,162,1
351,173,1
352,253,1
353,254,1
354,253,1
355,102,1
378,82,1
379,253,1
380,252,1
381,253,1
382,252,1
383,61,1
406,203,1
407,254,1
408,253,1
409,254,1
410,233,1
433,41,1
434,243,1
435,253,1
436,252,1
437,253,1
438,111,1
461,132,1
462,253,1
463,254,1
464,253,1
465,203,1
488,41,1
489,253,1
490,252,1
491,253,1
492,252,1
493,40,1
515,11,1
516,213,1
517,254,1
518,253,1
519,254,1
520,151,1
543,92,1
544,252,1
545,253,1
546,252,1
547,192,1
548,50,1
570,21,1
571,214,1
572,253,1
573,255,1
574,253,1
575,41,1
598,142,1
599,253,1
600,252,1
601,253,1
602,171,1
625,113,1
626,253,1
627,255,1
628,253,1
629,203,1
630,40,1
653,30,1
654,131,1
655,233,1
656,111,1
129,101,1
130,222,1
131,84,1
157,225,1
158,252,1
159,84,1
184,89,1
185,246,1
186,208,1
187,19,1
212,128,1
213,252,1
214,195,1
239,79,1
240,253,1
241,252,1
242,195,1
267,141,1
268,255,1
269,253,1
270,133,1
294,26,1
295,240,1
296,253,1
297,252,1
298,55,1
322,60,1
323,252,1
324,253,1
325,154,1
326,12,1
349,7,1
350,178,1
351,252,1
352,253,1
353,27,1
377,57,1
378,252,1
379,252,1
380,253,1
381,27,1
405,57,1
406,253,1
407,253,1
408,204,1
409,15,1
433,104,1
434,252,1
435,252,1
436,94,1
460,19,1
461,209,1
462,252,1
463,252,1
488,101,1
489,252,1
490,252,1
491,157,1
516,225,1
517,252,1
518,252,1
519,112,1
544,226,1
545,253,1
546,240,1
547,63,1
572,225,1
573,252,1
574,223,1
600,225,1
601,252,1
602,223,1
628,225,1
629,252,1
630,242,1
631,75,1
656,146,1
657,252,1
658,236,1
659,50,1
129,159,1
130,142,1
156,11,1
157,220,1
158,141,1
184,78,1
185,254,1
186,141,1
212,111,1
213,254,1
214,109,1
240,196,1
241,221,1
242,15,1
267,26,1
268,221,1
269,159,1
295,63,1
296,254,1
297,159,1
323,178,1
324,254,1
325,93,1
350,7,1
351,191,1
352,254,1
353,97,1
378,42,1
379,255,1
380,254,1
381,41,1
406,42,1
407,254,1
408,195,1
409,10,1
434,141,1
435,255,1
436,78,1
461,11,1
462,202,1
463,254,1
464,59,1
489,86,1
490,254,1
491,254,1
492,59,1
517,142,1
518,254,1
519,248,1
520,52,1
545,142,1
546,254,1
547,195,1
573,142,1
574,254,1
575,164,1
601,142,1
602,254,1
603,77,1
629,142,1
630,254,1
631,131,1
657,77,1
658,172,1
659,5,1
129,17,1
130,206,1
131,229,1
132,44,1
157,2,1
158,125,1
159,254,1
160,123,1
185,95,1
186,254,1
187,254,1
188,123,1
212,78,1
213,240,1
214,254,1
215,254,1
216,123,1
240,100,1
241,254,1
242,254,1
243,254,1
244,123,1
267,2,1
268,129,1
269,254,1
270,254,1
271,220,1
272,20,1
295,9,1
296,254,1
297,254,1
298,254,1
299,123,1
322,22,1
323,179,1
324,254,1
325,254,1
326,254,1
327,49,1
350,83,1
351,254,1
352,254,1
353,254,1
354,183,1
355,19,1
378,136,1
379,254,1
380,254,1
381,254,1
382,139,1
404,3,1
405,111,1
406,252,1
407,254,1
408,254,1
409,232,1
410,45,1
432,67,1
433,254,1
434,254,1
435,254,1
436,216,1
437,40,1
459,14,1
460,192,1
461,254,1
462,254,1
463,254,1
464,140,1
486,23,1
487,192,1
488,254,1
489,254,1
490,254,1
491,246,1
514,77,1
515,254,1
516,254,1
517,255,1
518,241,1
519,100,1
541,65,1
542,235,1
543,254,1
544,254,1
545,254,1
546,172,1
568,30,1
569,238,1
570,254,1
571,254,1
572,254,1
573,219,1
574,26,1
596,34,1
597,254,1
598,254,1
599,254,1
600,216,1
601,41,1
624,34,1
625,254,1
626,254,1
627,254,1
628,188,1
652,12,1
653,170,1
654,254,1
655,254,1
656,82,1
129,232,1
130,255,1
131,107,1
156,58,1
157,244,1
158,253,1
159,106,1
184,95,1
185,253,1
186,253,1
187,106,1
212,95,1
213,253,1
214,253,1
215,106,1
240,95,1
241,253,1
242,249,1
243,69,1
268,144,1
269,253,1
270,192,1
295,97,1
296,233,1
297,253,1
298,66,1
323,195,1
324,253,1
325,253,1
326,5,1
350,38,1
351,232,1
352,253,1
353,182,1
354,2,1
377,10,1
378,160,1
379,253,1
380,231,1
381,53,1
405,42,1
406,253,1
407,253,1
408,158,1
433,141,1
434,253,1
435,253,1
436,115,1
460,75,1
461,245,1
462,253,1
463,183,1
464,4,1
487,1,1
488,147,1
489,253,1
490,251,1
491,58,1
515,20,1
516,253,1
517,253,1
518,180,1
543,202,1
544,253,1
545,226,1
546,27,1
571,243,1
572,253,1
573,212,1
598,85,1
599,251,1
600,253,1
601,173,1
626,209,1
627,253,1
628,244,1
629,57,1
654,169,1
655,253,1
656,174,1
129,28,1
130,247,1
131,255,1
132,165,1
156,47,1
157,221,1
158,252,1
159,252,1
160,164,1
184,177,1
185,252,1
186,252,1
187,252,1
188,164,1
212,177,1
213,252,1
214,252,1
215,223,1
216,78,1
240,177,1
241,252,1
242,252,1
243,197,1
267,114,1
268,236,1
269,252,1
270,235,1
271,42,1
294,5,1
295,148,1
296,252,1
297,252,1
298,230,1
321,14,1
322,135,1
323,252,1
324,252,1
325,252,1
326,230,1
349,78,1
350,252,1
351,252,1
352,252,1
353,252,1
354,162,1
377,78,1
378,252,1
379,252,1
380,252,1
381,252,1
382,9,1
405,78,1
406,252,1
407,252,1
408,252,1
409,252,1
410,9,1
432,32,1
433,200,1
434,252,1
435,252,1
436,252,1
437,105,1
438,3,1
459,10,1
460,218,1
461,252,1
462,252,1
463,252,1
464,105,1
465,8,1
487,225,1
488,252,1
489,252,1
490,252,1
491,240,1
492,69,1
514,44,1
515,237,1
516,252,1
517,252,1
518,228,1
519,85,1
541,59,1
542,218,1
543,252,1
544,252,1
545,225,1
546,93,1
568,65,1
569,208,1
570,252,1
571,252,1
572,252,1
573,175,1
596,133,1
597,252,1
598,252,1
599,252,1
600,225,1
601,68,1
624,133,1
625,252,1
626,252,1
627,244,1
628,54,1
652,133,1
653,252,1
654,252,1
655,48,1
129,39,1
130,254,1
131,255,1
132,254,1
133,140,1
157,136,1
158,253,1
159,253,1
160,228,1
161,67,1
184,6,1
185,227,1
186,253,1
187,253,1
188,58,1
211,29,1
212,188,1
213,253,1
214,253,1
215,253,1
216,17,1
239,95,1
240,253,1
241,253,1
242,253,1
243,157,1
244,8,1
266,3,1
267,107,1
268,253,1
269,253,1
270,245,1
271,77,1
294,29,1
295,253,1
296,253,1
297,240,1
298,100,1
322,141,1
323,253,1
324,253,1
325,215,1
349,129,1
350,248,1
351,253,1
352,253,1
353,215,1
377,151,1
378,253,1
379,253,1
380,253,1
381,144,1
405,151,1
406,253,1
407,253,1
408,253,1
409,27,1
431,3,1
432,102,1
433,242,1
434,253,1
435,253,1
436,110,1
437,3,1
459,97,1
460,253,1
461,253,1
462,253,1
463,214,1
464,55,1
487,207,1
488,253,1
489,253,1
490,253,1
491,158,1
515,67,1
516,253,1
517,253,1
518,253,1
519,158,1
543,207,1
544,253,1
545,253,1
546,240,1
547,88,1
571,207,1
572,253,1
573,253,1
574,224,1
598,32,1
599,217,1
600,253,1
601,253,1
602,224,1
626,141,1
627,253,1
628,253,1
629,253,1
630,133,1
654,36,1
655,219,1
656,253,1
657,140,1
658,10,1
130,116,1
131,255,1
132,123,1
157,29,1
158,213,1
159,253,1
160,122,1
185,189,1
186,253,1
187,253,1
188,122,1
213,189,1
214,253,1
215,253,1
216,122,1
241,189,1
242,253,1
243,253,1
244,122,1
267,2,1
268,114,1
269,243,1
270,253,1
271,186,1
272,19,1
295,100,1
296,253,1
297,253,1
298,253,1
299,48,1
323,172,1
324,253,1
325,253,1
326,253,1
327,48,1
351,172,1
352,253,1
353,253,1
354,182,1
355,19,1
378,133,1
379,251,1
380,253,1
381,175,1
382,4,1
405,107,1
406,251,1
407,253,1
408,253,1
409,65,1
432,26,1
433,194,1
434,253,1
435,253,1
436,214,1
437,40,1
459,105,1
460,205,1
461,253,1
462,253,1
463,125,1
464,40,1
487,139,1
488,253,1
489,253,1
490,253,1
491,81,1
514,41,1
515,231,1
516,253,1
517,253,1
518,159,1
519,16,1
541,65,1
542,155,1
543,253,1
544,253,1
545,172,1
546,4,1
569,124,1
570,253,1
571,253,1
572,253,1
573,98,1
597,124,1
598,253,1
599,253,1
600,214,1
601,41,1
624,22,1
625,207,1
626,253,1
627,253,1
628,139,1
653,124,1
654,253,1
655,162,1
656,9,1
130,131,1
131,255,1
132,184,1
133,15,1
157,99,1
158,247,1
159,253,1
160,182,1
161,15,1
185,124,1
186,253,1
187,253,1
188,253,1
189,38,1
212,9,1
213,171,1
214,253,1
215,253,1
216,140,1
217,1,1
240,47,1
241,253,1
242,253,1
243,251,1
244,117,1
267,43,1
268,219,1
269,253,1
270,253,1
271,153,1
295,78,1
296,253,1
297,253,1
298,253,1
299,84,1
323,97,1
324,253,1
325,253,1
326,244,1
327,74,1
350,69,1
351,243,1
352,253,1
353,253,1
354,183,1
377,10,1
378,168,1
379,253,1
380,253,1
381,215,1
382,34,1
405,31,1
406,253,1
407,253,1
408,253,1
409,129,1
433,107,1
434,253,1
435,253,1
436,242,1
437,67,1
460,24,1
461,204,1
462,253,1
463,253,1
464,187,1
488,95,1
489,253,1
490,253,1
491,201,1
492,25,1
516,239,1
517,253,1
518,253,1
519,176,1
543,119,1
544,251,1
545,253,1
546,253,1
547,138,1
570,30,1
571,212,1
572,253,1
573,252,1
574,165,1
575,8,1
598,193,1
599,253,1
600,253,1
601,222,1
626,193,1
627,253,1
628,253,1
629,189,1
654,193,1
655,253,1
656,201,1
657,27,1
130,166,1
131,253,1
132,124,1
133,53,1
158,140,1
159,251,1
160,251,1
161,180,1
185,125,1
186,246,1
187,251,1
188,251,1
189,51,1
212,32,1
213,190,1
214,251,1
215,251,1
216,251,1
217,103,1
240,21,1
241,174,1
242,251,1
243,251,1
244,251,1
268,73,1
269,176,1
270,253,1
271,253,1
272,201,1
296,149,1
297,251,1
298,251,1
299,251,1
300,71,1
323,27,1
324,228,1
325,251,1
326,251,1
327,157,1
328,10,1
351,180,1
352,253,1
353,251,1
354,251,1
355,142,1
377,27,1
378,180,1
379,231,1
380,253,1
381,251,1
382,96,1
383,41,1
405,89,1
406,253,1
407,253,1
408,255,1
409,211,1
410,25,1
433,217,1
434,251,1
435,251,1
436,253,1
437,107,1
460,21,1
461,221,1
462,251,1
463,251,1
464,242,1
465,92,1
487,32,1
488,190,1
489,251,1
490,251,1
491,251,1
492,103,1
515,202,1
516,251,1
517,251,1
518,251,1
519,122,1
542,53,1
543,255,1
544,253,1
545,253,1
546,221,1
547,51,1
570,180,1
571,253,1
572,251,1
573,251,1
574,142,1
598,180,1
599,253,1
600,251,1
601,251,1
602,142,1
626,180,1
627,253,1
628,251,1
629,157,1
630,82,1
654,180,1
655,253,1
656,147,1
657,10,1
130,218,1
131,170,1
132,108,1
157,32,1
158,227,1
159,252,1
160,232,1
185,129,1
186,252,1
187,252,1
188,252,1
212,1,1
213,253,1
214,252,1
215,252,1
216,168,1
240,144,1
241,253,1
242,252,1
243,236,1
244,62,1
268,144,1
269,253,1
270,252,1
271,215,1
296,144,1
297,253,1
298,252,1
299,112,1
323,21,1
324,206,1
325,253,1
326,252,1
327,71,1
351,99,1
352,253,1
353,255,1
354,119,1
378,63,1
379,242,1
380,252,1
381,253,1
382,35,1
406,94,1
407,252,1
408,252,1
409,154,1
410,10,1
433,145,1
434,237,1
435,252,1
436,252,1
461,255,1
462,253,1
463,253,1
464,108,1
487,11,1
488,155,1
489,253,1
490,252,1
491,179,1
492,15,1
514,11,1
515,150,1
516,252,1
517,253,1
518,200,1
519,20,1
542,73,1
543,252,1
544,252,1
545,253,1
546,97,1
569,47,1
570,233,1
571,253,1
572,253,1
596,1,1
597,149,1
598,252,1
599,252,1
600,252,1
624,1,1
625,252,1
626,252,1
627,246,1
628,132,1
652,1,1
653,169,1
654,252,1
655,132,1
130,218,1
131,253,1
132,124,1
157,84,1
158,236,1
159,251,1
160,251,1
184,63,1
185,236,1
186,251,1
187,251,1
188,122,1
212,73,1
213,251,1
214,251,1
215,251,1
216,173,1
240,202,1
241,251,1
242,251,1
243,251,1
244,71,1
267,53,1
268,255,1
269,253,1
270,253,1
271,253,1
272,72,1
295,180,1
296,253,1
297,251,1
298,251,1
299,188,1
300,30,1
323,180,1
324,253,1
325,251,1
326,251,1
327,142,1
350,47,1
351,211,1
352,253,1
353,251,1
354,235,1
355,82,1
377,27,1
378,211,1
379,251,1
380,253,1
381,251,1
382,215,1
405,89,1
406,253,1
407,253,1
408,255,1
409,253,1
410,164,1
433,217,1
434,251,1
435,251,1
436,253,1
437,168,1
438,15,1
460,21,1
461,221,1
462,251,1
463,251,1
464,253,1
465,107,1
487,32,1
488,190,1
489,251,1
490,251,1
491,251,1
492,221,1
493,61,1
515,73,1
516,251,1
517,251,1
518,251,1
519,251,1
520,180,1
543,255,1
544,253,1
545,253,1
546,253,1
547,201,1
570,105,1
571,253,1
572,251,1
573,251,1
574,251,1
575,71,1
598,180,1
599,253,1
600,251,1
601,246,1
602,137,1
603,10,1
626,180,1
627,253,1
628,251,1
629,215,1
654,180,1
655,253,1
656,251,1
657,86,1
130,226,1
131,247,1
132,55,1
157,99,1
158,248,1
159,254,1
160,230,1
161,30,1
185,125,1
186,254,1
187,254,1
188,254,1
189,38,1
213,125,1
214,254,1
215,254,1
216,212,1
217,24,1
240,18,1
241,223,1
242,254,1
243,252,1
244,118,1
268,24,1
269,254,1
270,254,1
271,239,1
295,27,1
296,195,1
297,254,1
298,254,1
299,93,1
323,78,1
324,254,1
325,254,1
326,246,1
327,74,1
351,158,1
352,254,1
353,254,1
354,185,1
378,41,1
379,239,1
380,254,1
381,254,1
382,43,1
405,22,1
406,218,1
407,254,1
408,254,1
409,167,1
410,9,1
433,32,1
434,254,1
435,254,1
436,254,1
437,130,1
460,24,1
461,187,1
462,254,1
463,254,1
464,234,1
465,16,1
488,189,1
489,254,1
490,254,1
491,254,1
492,128,1
515,64,1
516,247,1
517,254,1
518,255,1
519,219,1
520,42,1
543,139,1
544,254,1
545,254,1
546,222,1
547,40,1
570,30,1
571,213,1
572,254,1
573,235,1
574,45,1
598,194,1
599,254,1
600,254,1
601,223,1
626,194,1
627,254,1
628,254,1
629,190,1
654,194,1
655,254,1
656,202,1
657,27,1
130,24,1
131,150,1
132,233,1
133,38,1
156,14,1
157,89,1
158,253,1
159,254,1
160,254,1
161,71,1
183,78,1
184,203,1
185,254,1
186,254,1
187,254,1
188,232,1
189,77,1
190,54,1
191,8,1
209,12,1
210,155,1
211,240,1
212,254,1
213,223,1
214,76,1
215,254,1
216,254,1
217,254,1
218,254,1
219,68,1
235,3,1
236,101,1
237,216,1
238,254,1
239,227,1
240,122,1
241,26,1
242,110,1
243,254,1
244,254,1
245,254,1
246,184,1
247,100,1
262,46,1
263,222,1
264,254,1
265,254,1
266,179,1
267,48,1
270,181,1
271,254,1
272,254,1
273,146,1
274,6,1
288,2,1
289,145,1
290,248,1
291,254,1
292,182,1
293,111,1
294,4,1
297,3,1
298,250,1
299,254,1
300,206,1
301,3,1
315,6,1
316,144,1
317,254,1
318,254,1
319,171,1
325,125,1
326,254,1
327,252,1
328,80,1
342,6,1
343,142,1
344,254,1
345,179,1
346,95,1
347,4,1
352,61,1
353,246,1
354,254,1
355,150,1
370,64,1
371,254,1
372,177,1
373,14,1
380,124,1
381,254,1
382,246,1
383,32,1
398,108,1
399,97,1
400,15,1
407,24,1
408,226,1
409,254,1
410,116,1
435,177,1
436,255,1
437,254,1
438,5,1
463,196,1
464,254,1
465,99,1
466,1,1
490,3,1
491,199,1
492,254,1
493,79,1
518,129,1
519,254,1
520,254,1
521,23,1
546,178,1
547,254,1
548,192,1
549,8,1
550,3,1
551,43,1
573,11,1
574,198,1
575,254,1
576,128,1
577,66,1
578,130,1
579,225,1
595,137,1
596,202,1
597,106,1
598,84,1
599,84,1
600,84,1
601,112,1
602,254,1
603,254,1
604,254,1
605,254,1
606,212,1
607,151,1
623,172,1
624,254,1
625,254,1
626,254,1
627,254,1
628,254,1
629,254,1
630,254,1
631,254,1
632,254,1
633,162,1
634,75,1
651,12,1
652,106,1
653,177,1
654,254,1
655,254,1
656,254,1
657,235,1
658,135,1
659,100,1
660,17,1
661,2,1
130,7,1
131,176,1
132,254,1
133,224,1
158,51,1
159,253,1
160,253,1
161,223,1
185,4,1
186,170,1
187,253,1
188,253,1
189,214,1
213,131,1
214,253,1
215,253,1
216,217,1
217,39,1
241,209,1
242,253,1
243,253,1
244,134,1
268,75,1
269,240,1
270,253,1
271,239,1
272,26,1
296,184,1
297,253,1
298,245,1
299,63,1
323,142,1
324,255,1
325,253,1
326,185,1
350,62,1
351,229,1
352,254,1
353,242,1
354,73,1
377,54,1
378,229,1
379,253,1
380,254,1
381,105,1
405,152,1
406,254,1
407,254,1
408,213,1
409,26,1
432,32,1
433,243,1
434,253,1
435,253,1
436,115,1
459,2,1
460,142,1
461,253,1
462,253,1
463,155,1
487,30,1
488,253,1
489,253,1
490,232,1
491,55,1
515,75,1
516,253,1
517,253,1
518,164,1
542,72,1
543,232,1
544,253,1
545,189,1
546,17,1
570,224,1
571,253,1
572,253,1
573,163,1
597,43,1
598,235,1
599,253,1
600,253,1
601,195,1
602,21,1
625,28,1
626,231,1
627,253,1
628,253,1
629,184,1
630,14,1
654,225,1
655,253,1
656,253,1
657,75,1
130,79,1
131,203,1
132,141,1
157,51,1
158,240,1
159,240,1
160,140,1
185,88,1
186,252,1
187,252,1
188,140,1
213,197,1
214,252,1
215,252,1
216,140,1
241,197,1
242,252,1
243,252,1
244,140,1
268,147,1
269,253,1
270,253,1
271,253,1
295,38,1
296,234,1
297,252,1
298,242,1
299,89,1
323,113,1
324,252,1
325,252,1
326,223,1
350,16,1
351,207,1
352,252,1
353,252,1
354,129,1
377,16,1
378,203,1
379,253,1
380,252,1
381,220,1
382,37,1
405,29,1
406,253,1
407,255,1
408,253,1
409,56,1
432,19,1
433,181,1
434,252,1
435,253,1
436,176,1
437,6,1
460,166,1
461,252,1
462,252,1
463,228,1
464,52,1
487,10,1
488,203,1
489,252,1
490,252,1
491,126,1
514,63,1
515,178,1
516,252,1
517,252,1
518,173,1
542,114,1
543,253,1
544,253,1
545,225,1
570,238,1
571,252,1
572,252,1
573,99,1
596,7,1
597,135,1
598,253,1
599,252,1
600,176,1
601,19,1
624,29,1
625,252,1
626,253,1
627,252,1
628,55,1
652,13,1
653,189,1
654,253,1
655,204,1
656,25,1
131,159,1
132,255,1
133,122,1
158,167,1
159,228,1
160,253,1
161,121,1
185,64,1
186,236,1
187,251,1
188,205,1
189,110,1
212,48,1
213,158,1
214,251,1
215,251,1
216,178,1
217,39,1
240,190,1
241,251,1
242,251,1
243,251,1
267,96,1
268,253,1
269,253,1
270,253,1
271,153,1
295,194,1
296,251,1
297,251,1
298,211,1
299,74,1
322,80,1
323,174,1
324,251,1
325,251,1
326,140,1
327,47,1
349,16,1
350,181,1
351,253,1
352,251,1
353,219,1
354,23,1
377,64,1
378,251,1
379,253,1
380,251,1
381,204,1
382,19,1
405,223,1
406,253,1
407,255,1
408,233,1
409,48,1
431,20,1
432,174,1
433,244,1
434,251,1
435,253,1
436,109,1
437,31,1
459,96,1
460,189,1
461,251,1
462,251,1
463,126,1
464,31,1
486,24,1
487,106,1
488,251,1
489,235,1
490,188,1
491,100,1
514,96,1
515,251,1
516,251,1
517,228,1
518,59,1
542,255,1
543,253,1
544,253,1
545,213,1
546,36,1
569,100,1
570,253,1
571,251,1
572,251,1
573,85,1
574,23,1
596,32,1
597,127,1
598,253,1
599,235,1
600,126,1
601,15,1
624,104,1
625,251,1
626,253,1
627,240,1
628,79,1
652,83,1
653,193,1
654,253,1
655,220,1
151,68,1
152,45,1
153,131,1
154,131,1
155,131,1
156,101,1
157,68,1
158,92,1
159,44,1
187,19,1
188,170,1
211,29,1
212,112,1
213,89,1
215,40,1
216,222,1
239,120,1
240,254,1
241,251,1
242,127,1
243,40,1
244,222,1
267,197,1
268,254,1
269,254,1
270,91,1
271,40,1
272,222,1
294,64,1
295,247,1
296,254,1
297,236,1
298,50,1
299,40,1
300,107,1
322,184,1
323,254,1
324,254,1
325,91,1
327,6,1
328,14,1
350,203,1
351,254,1
352,254,1
353,71,1
377,23,1
378,218,1
379,254,1
380,254,1
381,71,1
405,113,1
406,254,1
407,255,1
408,239,1
409,53,1
433,210,1
434,254,1
435,254,1
436,195,1
460,62,1
461,242,1
462,254,1
463,241,1
464,88,1
468,28,1
488,86,1
489,254,1
490,254,1
491,189,1
495,28,1
496,104,1
516,106,1
517,254,1
518,254,1
519,168,1
523,40,1
524,91,1
544,216,1
545,254,1
546,245,1
547,51,1
551,35,1
552,80,1
572,216,1
573,254,1
574,102,1
599,55,1
600,239,1
601,254,1
602,52,1
627,166,1
628,254,1
629,210,1
630,23,1
655,223,1
656,252,1
657,104,1
683,223,1
684,169,1
152,1,1
153,168,1
154,242,1
155,28,1
180,10,1
181,228,1
182,254,1
183,100,1
209,190,1
210,254,1
211,122,1
237,83,1
238,254,1
239,162,1
265,29,1
266,254,1
267,248,1
268,25,1
293,29,1
294,255,1
295,254,1
296,103,1
321,29,1
322,254,1
323,254,1
324,109,1
349,29,1
350,254,1
351,254,1
352,109,1
377,29,1
378,254,1
379,254,1
380,109,1
405,29,1
406,255,1
407,254,1
408,109,1
433,29,1
434,254,1
435,254,1
436,109,1
461,29,1
462,254,1
463,254,1
464,63,1
489,29,1
490,254,1
491,254,1
492,28,1
517,29,1
518,254,1
519,254,1
520,28,1
545,29,1
546,254,1
547,254,1
548,35,1
573,29,1
574,254,1
575,254,1
576,109,1
601,6,1
602,212,1
603,254,1
604,109,1
630,203,1
631,254,1
632,178,1
658,155,1
659,254,1
660,190,1
686,32,1
687,199,1
688,104,1
153,5,1
154,63,1
155,197,1
181,20,1
182,254,1
183,230,1
184,24,1
209,20,1
210,254,1
211,254,1
212,48,1
237,20,1
238,254,1
239,255,1
240,48,1
265,20,1
266,254,1
267,254,1
268,57,1
293,20,1
294,254,1
295,254,1
296,108,1
321,16,1
322,239,1
323,254,1
324,143,1
350,178,1
351,254,1
352,143,1
378,178,1
379,254,1
380,143,1
406,178,1
407,254,1
408,162,1
434,178,1
435,254,1
436,240,1
462,113,1
463,254,1
464,240,1
490,83,1
491,254,1
492,245,1
493,31,1
518,79,1
519,254,1
520,246,1
521,38,1
547,214,1
548,254,1
549,150,1
575,144,1
576,241,1
577,8,1
603,144,1
604,240,1
605,2,1
631,144,1
632,254,1
633,82,1
659,230,1
660,247,1
661,40,1
687,168,1
688,209,1
689,31,1
155,114,1
156,206,1
157,25,1
183,238,1
184,252,1
185,55,1
211,222,1
212,252,1
213,55,1
239,113,1
240,252,1
241,55,1
267,113,1
268,252,1
269,55,1
295,255,1
296,253,1
297,56,1
323,253,1
324,176,1
325,6,1
350,32,1
351,253,1
352,233,1
353,43,1
378,140,1
379,253,1
380,195,1
381,19,1
406,140,1
407,253,1
408,167,1
433,29,1
434,253,1
435,141,1
461,29,1
462,252,1
463,140,1
489,29,1
490,252,1
491,140,1
517,29,1
518,252,1
519,140,1
545,29,1
546,252,1
547,140,1
573,169,1
574,253,1
575,79,1
601,169,1
602,252,1
628,76,1
629,234,1
630,141,1
656,197,1
657,233,1
658,37,1
684,197,1
685,223,1
155,178,1
156,255,1
157,105,1
182,6,1
183,188,1
184,253,1
185,216,1
186,14,1
210,14,1
211,202,1
212,253,1
213,253,1
214,23,1
238,12,1
239,199,1
240,253,1
241,128,1
242,6,1
266,42,1
267,253,1
268,253,1
269,158,1
294,42,1
295,253,1
296,253,1
297,158,1
322,155,1
323,253,1
324,253,1
325,158,1
350,160,1
351,253,1
352,253,1
353,147,1
378,160,1
379,253,1
380,253,1
381,41,1
405,17,1
406,225,1
407,253,1
408,235,1
409,31,1
433,24,1
434,253,1
435,253,1
436,176,1
461,24,1
462,253,1
463,253,1
464,176,1
489,24,1
490,253,1
491,253,1
492,176,1
517,24,1
518,253,1
519,253,1
520,176,1
545,24,1
546,253,1
547,253,1
548,162,1
573,46,1
574,253,1
575,253,1
576,59,1
601,142,1
602,253,1
603,253,1
604,59,1
629,142,1
630,253,1
631,253,1
632,59,1
657,142,1
658,253,1
659,202,1
660,8,1
685,87,1
686,253,1
687,139,1
156,202,1
157,253,1
158,69,1
184,253,1
185,252,1
186,121,1
212,253,1
213,252,1
214,69,1
240,253,1
241,252,1
242,69,1
267,106,1
268,253,1
269,231,1
270,37,1
295,179,1
296,255,1
297,196,1
322,17,1
323,234,1
324,253,1
325,92,1
350,93,1
351,252,1
352,253,1
353,92,1
378,93,1
379,252,1
380,253,1
381,92,1
406,93,1
407,252,1
408,232,1
409,8,1
434,208,1
435,253,1
436,116,1
462,207,1
463,252,1
464,116,1
490,207,1
491,252,1
492,32,1
517,57,1
518,244,1
519,252,1
545,122,1
546,252,1
547,252,1
573,185,1
574,253,1
575,253,1
601,184,1
602,252,1
603,252,1
629,101,1
630,252,1
631,252,1
657,13,1
658,173,1
659,252,1
660,43,1
686,9,1
687,232,1
688,116,1
156,60,1
157,229,1
158,38,1
184,187,1
185,254,1
186,78,1
211,121,1
212,252,1
213,254,1
214,78,1
239,197,1
240,254,1
241,206,1
242,6,1
267,197,1
268,254,1
269,202,1
294,27,1
295,218,1
296,233,1
297,62,1
322,117,1
323,254,1
324,195,1
350,203,1
351,254,1
352,195,1
377,64,1
378,244,1
379,254,1
380,195,1
405,79,1
406,254,1
407,255,1
408,161,1
433,79,1
434,254,1
435,254,1
436,65,1
461,79,1
462,254,1
463,241,1
464,52,1
489,79,1
490,254,1
491,189,1
517,79,1
518,254,1
519,189,1
545,79,1
546,254,1
547,189,1
573,79,1
574,254,1
575,189,1
601,79,1
602,254,1
603,194,1
604,5,1
629,35,1
630,219,1
631,254,1
632,72,1
658,34,1
659,223,1
660,195,1
687,129,1
688,195,1
156,73,1
157,253,1
158,253,1
159,253,1
160,124,1
184,73,1
185,251,1
186,251,1
187,251,1
188,251,1
212,99,1
213,251,1
214,251,1
215,251,1
216,225,1
240,253,1
241,251,1
242,251,1
243,251,1
244,71,1
266,79,1
267,180,1
268,253,1
269,251,1
270,251,1
271,173,1
272,20,1
294,110,1
295,253,1
296,255,1
297,253,1
298,216,1
322,109,1
323,251,1
324,253,1
325,251,1
326,215,1
350,109,1
351,251,1
352,253,1
353,251,1
354,215,1
378,109,1
379,251,1
380,253,1
381,251,1
382,137,1
406,109,1
407,251,1
408,253,1
409,251,1
410,35,1
433,37,1
434,253,1
435,253,1
436,255,1
437,253,1
438,35,1
461,140,1
462,251,1
463,251,1
464,253,1
465,168,1
466,15,1
488,125,1
489,246,1
490,251,1
491,251,1
492,190,1
493,15,1
516,144,1
517,251,1
518,251,1
519,251,1
520,180,1
543,53,1
544,221,1
545,251,1
546,251,1
547,251,1
548,51,1
571,125,1
572,253,1
573,253,1
574,253,1
575,201,1
598,105,1
599,253,1
600,251,1
601,251,1
602,188,1
603,30,1
626,180,1
627,253,1
628,251,1
629,251,1
630,142,1
654,180,1
655,253,1
656,251,1
657,235,1
658,82,1
682,180,1
683,253,1
684,251,1
685,215,1
157,42,1
158,228,1
159,253,1
160,253,1
185,144,1
186,251,1
187,251,1
188,251,1
212,89,1
213,236,1
214,251,1
215,235,1
216,215,1
239,79,1
240,253,1
241,251,1
242,251,1
243,142,1
267,180,1
268,253,1
269,251,1
270,251,1
271,142,1
294,32,1
295,202,1
296,255,1
297,253,1
298,216,1
322,109,1
323,251,1
324,253,1
325,251,1
326,112,1
349,6,1
350,129,1
351,251,1
352,253,1
353,127,1
354,5,1
377,37,1
378,251,1
379,251,1
380,253,1
381,107,1
405,166,1
406,251,1
407,251,1
408,201,1
409,30,1
432,42,1
433,228,1
434,253,1
435,253,1
460,144,1
461,251,1
462,251,1
463,147,1
487,63,1
488,236,1
489,251,1
490,251,1
491,71,1
515,150,1
516,251,1
517,251,1
518,204,1
519,41,1
543,253,1
544,251,1
545,251,1
546,142,1
571,255,1
572,253,1
573,164,1
598,105,1
599,253,1
600,251,1
601,35,1
626,180,1
627,253,1
628,251,1
629,35,1
654,180,1
655,253,1
656,251,1
657,35,1
682,180,1
683,253,1
684,251,1
685,35,1
157,85,1
158,255,1
159,103,1
160,1,1
185,205,1
186,253,1
187,253,1
188,30,1
213,205,1
214,253,1
215,253,1
216,30,1
240,44,1
241,233,1
242,253,1
243,244,1
244,27,1
268,135,1
269,253,1
270,253,1
271,100,1
296,153,1
297,253,1
298,240,1
299,76,1
323,12,1
324,208,1
325,253,1
326,166,1
351,69,1
352,253,1
353,253,1
354,142,1
378,14,1
379,110,1
380,253,1
381,235,1
382,33,1
406,63,1
407,223,1
408,235,1
409,130,1
434,186,1
435,253,1
436,235,1
437,37,1
461,17,1
462,145,1
463,253,1
464,231,1
465,35,1
489,69,1
490,220,1
491,231,1
492,123,1
516,18,1
517,205,1
518,253,1
519,176,1
520,27,1
543,17,1
544,125,1
545,253,1
546,185,1
547,39,1
571,71,1
572,214,1
573,231,1
574,41,1
599,167,1
600,253,1
601,225,1
602,33,1
626,72,1
627,205,1
628,207,1
629,14,1
653,30,1
654,249,1
655,233,1
656,49,1
681,32,1
682,253,1
683,89,1
159,121,1
160,254,1
161,136,1
186,13,1
187,230,1
188,253,1
189,248,1
190,99,1
213,4,1
214,118,1
215,253,1
216,253,1
217,225,1
218,42,1
241,61,1
242,253,1
243,253,1
244,253,1
245,74,1
268,32,1
269,206,1
270,253,1
271,253,1
272,186,1
273,9,1
296,211,1
297,253,1
298,253,1
299,239,1
300,69,1
324,254,1
325,253,1
326,253,1
327,133,1
351,142,1
352,255,1
353,253,1
354,186,1
355,8,1
378,149,1
379,229,1
380,254,1
381,207,1
382,21,1
405,54,1
406,229,1
407,253,1
408,254,1
409,105,1
433,152,1
434,254,1
435,254,1
436,213,1
437,26,1
460,112,1
461,251,1
462,253,1
463,253,1
464,26,1
487,29,1
488,212,1
489,253,1
490,250,1
491,149,1
514,36,1
515,214,1
516,253,1
517,253,1
518,137,1
542,75,1
543,253,1
544,253,1
545,253,1
546,59,1
570,93,1
571,253,1
572,253,1
573,189,1
574,17,1
598,224,1
599,253,1
600,253,1
601,84,1
625,43,1
626,235,1
627,253,1
628,126,1
629,1,1
653,99,1
654,248,1
655,253,1
656,119,1
682,225,1
683,235,1
684,49,1
159,124,1
160,253,1
161,255,1
162,63,1
186,96,1
187,244,1
188,251,1
189,253,1
190,62,1
214,127,1
215,251,1
216,251,1
217,253,1
218,62,1
241,68,1
242,236,1
243,251,1
244,211,1
245,31,1
246,8,1
268,60,1
269,228,1
270,251,1
271,251,1
272,94,1
296,155,1
297,253,1
298,253,1
299,189,1
323,20,1
324,253,1
325,251,1
326,235,1
327,66,1
350,32,1
351,205,1
352,253,1
353,251,1
354,126,1
378,104,1
379,251,1
380,253,1
381,184,1
382,15,1
405,80,1
406,240,1
407,251,1
408,193,1
409,23,1
432,32,1
433,253,1
434,253,1
435,253,1
436,159,1
460,151,1
461,251,1
462,251,1
463,251,1
464,39,1
487,48,1
488,221,1
489,251,1
490,251,1
491,172,1
515,234,1
516,251,1
517,251,1
518,196,1
519,12,1
543,253,1
544,251,1
545,251,1
546,89,1
570,159,1
571,255,1
572,253,1
573,253,1
574,31,1
597,48,1
598,228,1
599,253,1
600,247,1
601,140,1
602,8,1
625,64,1
626,251,1
627,253,1
628,220,1
653,64,1
654,251,1
655,253,1
656,220,1
681,24,1
682,193,1
683,253,1
684,220,1
159,31,1
160,210,1
161,253,1
162,163,1
187,198,1
188,252,1
189,252,1
190,162,1
213,10,1
214,86,1
215,242,1
216,252,1
217,252,1
218,66,1
241,164,1
242,252,1
243,252,1
244,252,1
245,188,1
246,8,1
268,53,1
269,242,1
270,252,1
271,252,1
272,225,1
273,14,1
296,78,1
297,252,1
298,252,1
299,252,1
300,204,1
323,56,1
324,231,1
325,252,1
326,252,1
327,212,1
328,35,1
351,157,1
352,252,1
353,252,1
354,252,1
355,37,1
377,8,1
378,132,1
379,253,1
380,252,1
381,252,1
382,230,1
383,24,1
405,45,1
406,252,1
407,253,1
408,252,1
409,154,1
410,55,1
427,7,1
428,55,1
433,107,1
434,253,1
435,255,1
436,228,1
437,53,1
454,15,1
455,24,1
456,23,1
460,110,1
461,242,1
462,252,1
463,228,1
464,59,1
482,57,1
483,83,1
487,88,1
488,247,1
489,252,1
490,252,1
491,140,1
514,15,1
515,189,1
516,252,1
517,252,1
518,252,1
542,74,1
543,252,1
544,252,1
545,238,1
546,90,1
570,178,1
571,252,1
572,252,1
573,189,1
597,40,1
598,217,1
599,252,1
600,252,1
601,59,1
625,75,1
626,252,1
627,252,1
628,252,1
629,85,1
630,61,1
653,62,1
654,239,1
655,252,1
656,156,1
657,14,1
682,178,1
683,252,1
684,14,1
98,64,1
99,191,1
100,70,1
125,68,1
126,243,1
127,253,1
128,249,1
129,63,1
152,30,1
153,223,1
154,253,1
155,253,1
156,247,1
157,41,1
179,73,1
180,238,1
181,253,1
182,253,1
183,253,1
184,242,1
206,73,1
207,236,1
208,253,1
209,253,1
210,253,1
211,253,1
212,242,1
234,182,1
235,253,1
236,253,1
237,191,1
238,247,1
239,253,1
240,149,1
262,141,1
263,253,1
264,143,1
265,86,1
266,249,1
267,253,1
268,122,1
290,9,1
291,36,1
292,7,1
293,14,1
294,233,1
295,253,1
296,122,1
322,230,1
323,253,1
324,122,1
350,230,1
351,253,1
352,122,1
378,231,1
379,255,1
380,123,1
406,230,1
407,253,1
408,52,1
433,61,1
434,245,1
435,253,1
461,98,1
462,253,1
463,253,1
468,35,1
469,12,1
489,98,1
490,253,1
491,253,1
494,9,1
495,142,1
496,233,1
497,146,1
517,190,1
518,253,1
519,253,1
520,128,1
521,7,1
522,99,1
523,253,1
524,253,1
525,180,1
544,29,1
545,230,1
546,253,1
547,253,1
548,252,1
549,210,1
550,253,1
551,253,1
552,253,1
553,140,1
571,28,1
572,207,1
573,253,1
574,253,1
575,253,1
576,254,1
577,253,1
578,253,1
579,235,1
580,70,1
581,9,1
599,126,1
600,253,1
601,253,1
602,253,1
603,253,1
604,254,1
605,253,1
606,168,1
607,19,1
627,79,1
628,253,1
629,253,1
630,201,1
631,190,1
632,132,1
633,63,1
634,5,1