101,88,0
102,127,0
103,5,0
126,19,0
127,58,0
128,20,0
129,14,0
130,217,0
131,19,0
152,7,0
153,146,0
154,247,0
155,253,0
156,235,0
157,27,0
158,84,0
159,81,0
180,126,0
181,253,0
182,164,0
183,19,0
184,15,0
187,156,0
188,9,0
208,214,0
209,222,0
210,34,0
215,234,0
216,58,0
235,59,0
236,254,0
237,116,0
243,235,0
244,58,0
263,141,0
264,251,0
265,72,0
271,151,0
272,140,0
291,224,0
292,233,0
299,136,0
300,223,0
319,254,0
320,218,0
327,136,0
328,253,0
347,254,0
348,135,0
355,136,0
356,253,0
374,23,0
375,255,0
376,114,0
383,137,0
384,231,0
402,98,0
403,254,0
404,122,0
411,136,0
412,155,0
430,98,0
431,254,0
432,106,0
439,166,0
440,155,0
458,98,0
459,254,0
460,128,0
467,234,0
468,193,0
486,98,0
487,254,0
488,135,0
494,61,0
495,248,0
496,118,0
515,255,0
516,238,0
517,18,0
521,13,0
522,224,0
523,254,0
524,58,0
543,201,0
544,253,0
545,128,0
546,2,0
548,5,0
549,150,0
550,253,0
551,167,0
552,9,0
571,18,0
572,226,0
573,253,0
574,49,0
575,31,0
576,156,0
577,253,0
578,228,0
579,13,0
600,147,0
601,253,0
602,243,0
603,241,0
604,254,0
605,227,0
606,43,0
628,5,0
629,126,0
630,245,0
631,253,0
632,231,0
633,46,0
122,63,0
123,176,0
124,253,0
125,253,0
126,159,0
127,113,0
128,63,0
150,140,0
151,253,0
152,252,0
153,252,0
154,252,0
155,252,0
156,241,0
157,100,0
158,66,0
177,54,0
178,227,0
179,253,0
180,252,0
181,252,0
182,252,0
183,252,0
184,253,0
185,252,0
186,239,0
187,181,0
188,57,0
204,38,0
205,224,0
206,252,0
207,253,0
208,226,0
209,246,0
210,252,0
211,252,0
212,253,0
213,252,0
214,252,0
215,252,0
216,252,0
217,108,0
218,3,0
232,57,0
233,252,0
234,252,0
235,253,0
236,27,0
237,88,0
238,112,0
239,112,0
240,112,0
241,112,0
242,142,0
243,252,0
244,252,0
245,253,0
246,152,0
247,31,0
260,198,0
261,253,0
262,253,0
263,79,0
270,32,0
271,153,0
272,253,0
273,255,0
274,253,0
275,196,0
287,76,0
288,246,0
289,252,0
290,127,0
299,3,0
300,106,0
301,253,0
302,252,0
303,214,0
304,28,0
315,194,0
316,252,0
317,252,0
318,112,0
329,143,0
330,252,0
331,252,0
332,193,0
343,225,0
344,252,0
345,217,0
346,37,0
357,38,0
358,234,0
359,252,0
360,223,0
370,63,0
371,240,0
372,252,0
373,84,0
386,146,0
387,252,0
388,223,0
398,114,0
399,253,0
400,228,0
401,47,0
414,147,0
415,253,0
416,253,0
417,112,0
426,159,0
427,252,0
428,195,0
442,225,0
443,252,0
444,252,0
445,112,0
454,253,0
455,252,0
456,195,0
470,225,0
471,252,0
472,230,0
473,25,0
482,159,0
483,252,0
484,202,0
485,10,0
497,92,0
498,243,0
499,252,0
500,208,0
510,113,0
511,252,0
512,252,0
513,161,0
524,79,0
525,253,0
526,252,0
527,220,0
528,37,0
538,114,0
539,253,0
540,253,0
541,253,0
542,174,0
543,63,0
550,26,0
551,128,0
552,253,0
553,255,0
554,253,0
555,133,0
566,12,0
567,228,0
568,252,0
569,252,0
570,252,0
571,241,0
572,100,0
573,85,0
574,76,0
576,85,0
577,131,0
578,231,0
579,252,0
580,252,0
581,253,0
582,129,0
583,6,0
595,97,0
596,208,0
597,252,0
598,252,0
599,253,0
600,252,0
601,252,0
602,246,0
603,197,0
604,253,0
605,252,0
606,252,0
607,252,0
608,220,0
609,133,0
610,6,0
624,19,0
625,99,0
626,239,0
627,253,0
628,252,0
629,252,0
630,252,0
631,252,0
632,253,0
633,252,0
634,245,0
635,223,0
636,99,0
654,63,0
655,112,0
656,112,0
657,221,0
658,252,0
659,252,0
660,253,0
661,127,0
662,87,0
123,59,0
124,55,0
149,71,0
150,192,0
151,254,0
152,250,0
153,147,0
154,17,0
176,123,0
177,247,0
178,253,0
179,254,0
180,253,0
181,253,0
182,196,0
183,79,0
184,176,0
185,175,0
186,175,0
187,124,0
188,48,0
203,87,0
204,247,0
205,247,0
206,176,0
207,95,0
208,102,0
209,117,0
210,243,0
211,237,0
212,192,0
213,232,0
214,253,0
215,253,0
216,245,0
217,152,0
218,6,0
230,23,0
231,229,0
232,253,0
233,138,0
238,219,0
239,58,0
241,95,0
242,118,0
243,80,0
244,230,0
245,254,0
246,196,0
247,30,0
258,120,0
259,254,0
260,205,0
261,8,0
266,114,0
272,38,0
273,255,0
274,254,0
275,155,0
276,5,0
286,156,0
287,253,0
288,92,0
301,61,0
302,235,0
303,253,0
304,102,0
314,224,0
315,253,0
316,78,0
330,117,0
331,253,0
332,196,0
333,18,0
342,254,0
343,253,0
344,78,0
358,9,0
359,211,0
360,253,0
361,73,0
370,254,0
371,253,0
372,78,0
387,175,0
388,253,0
389,155,0
398,194,0
399,254,0
400,101,0
415,79,0
416,254,0
417,155,0
426,112,0
427,253,0
428,211,0
429,9,0
443,73,0
444,251,0
445,200,0
454,41,0
455,241,0
456,253,0
457,87,0
471,25,0
472,240,0
473,253,0
483,147,0
484,253,0
485,227,0
486,47,0
499,94,0
500,253,0
501,200,0
511,5,0
512,193,0
513,253,0
514,230,0
515,76,0
527,175,0
528,253,0
529,155,0
540,31,0
541,219,0
542,254,0
543,255,0
544,126,0
545,18,0
553,14,0
554,149,0
555,254,0
556,244,0
557,45,0
569,21,0
570,158,0
571,254,0
572,253,0
573,226,0
574,162,0
575,118,0
576,96,0
577,20,0
578,20,0
579,73,0
580,118,0
581,224,0
582,253,0
583,247,0
584,85,0
598,30,0
599,155,0
600,253,0
601,253,0
602,253,0
603,253,0
604,254,0
605,253,0
606,253,0
607,253,0
608,253,0
609,254,0
610,247,0
611,84,0
627,5,0
628,27,0
629,117,0
630,206,0
631,244,0
632,229,0
633,213,0
634,213,0
635,213,0
636,176,0
637,117,0
638,32,0
659,45,0
660,23,0
123,8,0
124,76,0
125,202,0
126,254,0
127,255,0
128,163,0
129,37,0
130,2,0
150,13,0
151,182,0
152,253,0
153,253,0
154,253,0
155,253,0
156,253,0
157,253,0
158,23,0
177,15,0
178,179,0
179,253,0
180,253,0
181,212,0
182,91,0
183,218,0
184,253,0
185,253,0
186,179,0
187,109,0
205,105,0
206,253,0
207,253,0
208,160,0
209,35,0
210,156,0
211,253,0
212,253,0
213,253,0
214,253,0
215,250,0
216,113,0
232,19,0
233,212,0
234,253,0
235,253,0
236,88,0
237,121,0
238,253,0
239,233,0
240,128,0
241,91,0
242,245,0
243,253,0
244,248,0
245,114,0
260,104,0
261,253,0
262,253,0
263,110,0
264,2,0
265,142,0
266,253,0
267,90,0
270,26,0
271,199,0
272,253,0
273,248,0
274,63,0
287,1,0
288,173,0
289,253,0
290,253,0
291,29,0
293,84,0
294,228,0
295,39,0
299,72,0
300,251,0
301,253,0
302,215,0
303,29,0
315,36,0
316,253,0
317,253,0
318,203,0
319,13,0
328,82,0
329,253,0
330,253,0
331,170,0
343,36,0
344,253,0
345,253,0
346,164,0
356,11,0
357,198,0
358,253,0
359,184,0
360,6,0
371,36,0
372,253,0
373,253,0
374,82,0
385,138,0
386,253,0
387,253,0
388,35,0
399,128,0
400,253,0
401,253,0
402,47,0
413,48,0
414,253,0
415,253,0
416,35,0
427,154,0
428,253,0
429,253,0
430,47,0
441,48,0
442,253,0
443,253,0
444,35,0
455,102,0
456,253,0
457,253,0
458,99,0
469,48,0
470,253,0
471,253,0
472,35,0
483,36,0
484,253,0
485,253,0
486,164,0
496,16,0
497,208,0
498,253,0
499,211,0
500,17,0
511,32,0
512,244,0
513,253,0
514,175,0
515,4,0
524,44,0
525,253,0
526,253,0
527,156,0
540,171,0
541,253,0
542,253,0
543,29,0
551,30,0
552,217,0
553,253,0
554,188,0
555,19,0
568,171,0
569,253,0
570,253,0
571,59,0
578,60,0
579,217,0
580,253,0
581,253,0
582,70,0
596,78,0
597,253,0
598,253,0
599,231,0
600,48,0
604,26,0
605,128,0
606,249,0
607,253,0
608,244,0
609,94,0
610,15,0
624,8,0
625,151,0
626,253,0
627,253,0
628,234,0
629,101,0
630,121,0
631,219,0
632,229,0
633,253,0
634,253,0
635,201,0
636,80,0
653,38,0
654,232,0
655,253,0
656,253,0
657,253,0
658,253,0
659,253,0
660,253,0
661,253,0
662,201,0
663,66,0
124,20,0
125,121,0
126,197,0
127,253,0
128,64,0
151,23,0
152,200,0
153,252,0
154,252,0
155,252,0
156,184,0
157,6,0
178,25,0
179,197,0
180,252,0
181,252,0
182,252,0
183,252,0
184,253,0
185,228,0
186,107,0
187,15,0
205,26,0
206,196,0
207,252,0
208,252,0
209,252,0
210,252,0
211,252,0
212,253,0
213,252,0
214,252,0
215,219,0
216,178,0
217,21,0
233,186,0
234,252,0
235,238,0
236,94,0
237,67,0
238,224,0
239,217,0
240,53,0
241,109,0
242,245,0
243,252,0
244,252,0
245,213,0
246,63,0
260,98,0
261,242,0
262,252,0
263,101,0
266,39,0
267,31,0
270,109,0
271,128,0
272,241,0
273,252,0
274,207,0
275,97,0
287,17,0
288,230,0
289,252,0
290,241,0
291,56,0
300,109,0
301,252,0
302,252,0
303,229,0
304,17,0
314,13,0
315,192,0
316,252,0
317,243,0
318,96,0
328,25,0
329,127,0
330,252,0
331,252,0
332,120,0
342,121,0
343,252,0
344,252,0
345,165,0
357,125,0
358,252,0
359,252,0
360,246,0
361,70,0
370,190,0
371,252,0
372,252,0
373,39,0
385,26,0
386,210,0
387,252,0
388,252,0
389,119,0
398,255,0
399,253,0
400,159,0
414,22,0
415,209,0
416,253,0
417,183,0
426,253,0
427,252,0
428,103,0
443,34,0
444,252,0
445,252,0
454,253,0
455,252,0
456,26,0
471,27,0
472,252,0
473,252,0
482,253,0
483,252,0
484,168,0
485,13,0
499,70,0
500,252,0
501,209,0
510,147,0
511,252,0
512,252,0
513,75,0
526,68,0
527,233,0
528,252,0
529,119,0
538,121,0
539,252,0
540,252,0
541,189,0
542,40,0
552,15,0
553,82,0
554,231,0
555,252,0
556,214,0
557,31,0
566,38,0
567,135,0
568,248,0
569,252,0
570,231,0
571,145,0
572,41,0
573,41,0
574,41,0
575,41,0
576,20,0
577,24,0
578,37,0
579,83,0
580,194,0
581,252,0
582,252,0
583,212,0
584,33,0
596,83,0
597,213,0
598,252,0
599,252,0
600,252,0
601,252,0
602,252,0
603,252,0
604,204,0
605,213,0
606,243,0
607,252,0
608,252,0
609,252,0
610,212,0
611,34,0
625,34,0
626,140,0
627,238,0
628,248,0
629,252,0
630,252,0
631,252,0
632,253,0
633,252,0
634,252,0
635,241,0
636,238,0
637,238,0
638,75,0
656,82,0
657,119,0
658,119,0
659,119,0
660,120,0
661,119,0
662,119,0
663,19,0
124,41,0
125,254,0
126,254,0
127,157,0
128,34,0
129,34,0
130,218,0
131,255,0
132,206,0
133,34,0
134,18,0
151,53,0
152,238,0
153,252,0
154,252,0
155,252,0
156,252,0
157,252,0
158,252,0
159,252,0
160,252,0
161,252,0
162,162,0
163,26,0
178,66,0
179,220,0
180,252,0
181,252,0
182,252,0
183,209,0
184,153,0
185,223,0
186,252,0
187,252,0
188,252,0
189,252,0
190,252,0
191,98,0
206,166,0
207,252,0
208,252,0
209,252,0
210,252,0
211,141,0
213,85,0
214,230,0
215,252,0
216,252,0
217,252,0
218,252,0
219,98,0
234,166,0
235,252,0
236,252,0
237,252,0
238,252,0
239,141,0
242,73,0
243,102,0
244,252,0
245,252,0
246,252,0
247,98,0
262,166,0
263,252,0
264,252,0
265,252,0
266,191,0
267,30,0
271,5,0
272,97,0
273,252,0
274,252,0
275,220,0
276,51,0
289,123,0
290,245,0
291,252,0
292,252,0
293,202,0
294,14,0
300,56,0
301,252,0
302,252,0
303,252,0
304,65,0
316,18,0
317,154,0
318,252,0
319,252,0
320,241,0
328,56,0
329,252,0
330,252,0
331,252,0
332,65,0
343,21,0
344,146,0
345,252,0
346,252,0
347,252,0
348,241,0
356,56,0
357,252,0
358,252,0
359,252,0
360,65,0
371,67,0
372,252,0
373,252,0
374,252,0
375,252,0
376,241,0
384,56,0
385,252,0
386,252,0
387,252,0
388,65,0
399,67,0
400,252,0
401,252,0
402,252,0
403,252,0
404,116,0
412,56,0
413,252,0
414,252,0
415,252,0
416,65,0
427,67,0
428,252,0
429,252,0
430,252,0
431,252,0
432,20,0
440,56,0
441,252,0
442,252,0
443,252,0
444,65,0
455,67,0
456,252,0
457,252,0
458,252,0
459,87,0
460,4,0
468,56,0
469,252,0
470,252,0
471,124,0
472,11,0
483,67,0
484,252,0
485,252,0
486,252,0
487,54,0
494,19,0
495,236,0
496,245,0
497,252,0
498,252,0
499,98,0
511,67,0
512,252,0
513,252,0
514,252,0
515,97,0
516,5,0
521,39,0
522,219,0
523,252,0
524,252,0
525,252,0
526,252,0
527,98,0
539,67,0
540,252,0
541,252,0
542,252,0
543,252,0
544,102,0
545,89,0
546,89,0
547,89,0
548,89,0
549,203,0
550,252,0
551,252,0
552,252,0
553,252,0
554,209,0
555,64,0
567,67,0
568,252,0
569,252,0
570,252,0
571,252,0
572,252,0
573,252,0
574,252,0
575,252,0
576,252,0
577,252,0
578,252,0
579,252,0
580,226,0
581,130,0
582,68,0
595,67,0
596,252,0
597,252,0
598,252,0
599,252,0
600,252,0
601,252,0
602,252,0
603,252,0
604,252,0
605,252,0
606,252,0
607,239,0
608,77,0
623,17,0
624,65,0
625,163,0
626,252,0
627,252,0
628,252,0
629,252,0
630,252,0
631,252,0
632,252,0
633,252,0
634,96,0
635,59,0
653,17,0
654,176,0
655,252,0
656,252,0
657,252,0
658,252,0
659,155,0
660,32,0
661,32,0
662,6,0
124,66,0
125,254,0
126,254,0
127,58,0
128,60,0
129,59,0
130,59,0
131,50,0
151,73,0
152,233,0
153,253,0
154,253,0
155,148,0
156,254,0
157,253,0
158,253,0
159,232,0
160,73,0
179,156,0
180,253,0
181,253,0
182,253,0
183,117,0
184,255,0
185,253,0
186,253,0
187,253,0
188,223,0
189,176,0
190,162,0
205,37,0
206,116,0
207,246,0
208,253,0
209,180,0
210,18,0
211,4,0
212,18,0
213,109,0
214,241,0
215,253,0
216,253,0
217,253,0
218,236,0
219,28,0
233,235,0
234,253,0
235,253,0
236,245,0
237,107,0
242,109,0
243,170,0
244,253,0
245,253,0
246,253,0
247,174,0
261,235,0
262,253,0
263,253,0
264,233,0
271,15,0
272,156,0
273,253,0
274,253,0
275,223,0
276,72,0
287,10,0
288,156,0
289,250,0
290,253,0
291,253,0
292,67,0
300,99,0
301,253,0
302,253,0
303,253,0
304,127,0
305,5,0
315,118,0
316,253,0
317,253,0
318,253,0
319,204,0
320,26,0
328,68,0
329,223,0
330,253,0
331,253,0
332,253,0
333,57,0
342,32,0
343,191,0
344,253,0
345,253,0
346,253,0
347,97,0
357,156,0
358,253,0
359,253,0
360,253,0
361,57,0
370,59,0
371,253,0
372,253,0
373,253,0
374,253,0
375,97,0
385,36,0
386,224,0
387,253,0
388,253,0
389,57,0
398,60,0
399,254,0
400,255,0
401,254,0
402,156,0
413,37,0
414,226,0
415,254,0
416,254,0
417,58,0
426,59,0
427,253,0
428,253,0
429,253,0
430,154,0
441,156,0
442,253,0
443,253,0
444,253,0
445,57,0
454,59,0
455,253,0
456,253,0
457,253,0
458,154,0
469,156,0
470,253,0
471,253,0
472,253,0
473,57,0
482,59,0
483,253,0
484,253,0
485,253,0
486,246,0
487,90,0
496,16,0
497,171,0
498,253,0
499,253,0
500,231,0
501,49,0
510,59,0
511,253,0
512,253,0
513,253,0
514,253,0
515,156,0
516,91,0
524,99,0
525,253,0
526,253,0
527,222,0
528,71,0
538,59,0
539,253,0
540,253,0
541,253,0
542,253,0
543,253,0
544,245,0
545,109,0
551,145,0
552,194,0
553,253,0
554,253,0
555,174,0
566,9,0
567,38,0
568,174,0
569,251,0
570,253,0
571,253,0
572,253,0
573,241,0
574,215,0
575,215,0
576,217,0
577,215,0
578,215,0
579,250,0
580,253,0
581,253,0
582,221,0
583,26,0
597,235,0
598,253,0
599,253,0
600,253,0
601,253,0
602,253,0
603,253,0
604,254,0
605,253,0
606,253,0
607,253,0
608,253,0
609,204,0
610,26,0
625,108,0
626,116,0
627,200,0
628,253,0
629,253,0
630,253,0
631,253,0
632,254,0
633,253,0
634,253,0
635,253,0
636,199,0
637,44,0
655,36,0
656,57,0
657,118,0
658,253,0
659,253,0
660,58,0
661,57,0
662,57,0
663,57,0
664,35,0
125,120,0
126,253,0
127,253,0
128,63,0
151,38,0
152,131,0
153,246,0
154,252,0
155,252,0
156,203,0
157,15,0
179,222,0
180,252,0
181,252,0
182,252,0
183,252,0
184,166,0
185,38,0
205,4,0
206,107,0
207,253,0
208,252,0
209,252,0
210,252,0
211,252,0
212,253,0
213,224,0
214,137,0
215,26,0
233,107,0
234,252,0
235,253,0
236,252,0
237,220,0
238,128,0
239,252,0
240,253,0
241,252,0
242,252,0
243,239,0
244,140,0
261,170,0
262,253,0
263,255,0
264,168,0
267,79,0
268,192,0
269,253,0
270,253,0
271,253,0
272,253,0
273,255,0
274,90,0
288,51,0
289,243,0
290,252,0
291,215,0
292,33,0
296,12,0
297,74,0
298,233,0
299,252,0
300,252,0
301,253,0
302,195,0
303,19,0
316,166,0
317,252,0
318,252,0
319,31,0
326,43,0
327,149,0
328,195,0
329,253,0
330,252,0
331,177,0
332,19,0
343,57,0
344,234,0
345,252,0
346,252,0
357,237,0
358,252,0
359,252,0
360,180,0
361,13,0
371,85,0
372,252,0
373,252,0
374,173,0
385,50,0
386,237,0
387,252,0
388,252,0
389,112,0
399,226,0
400,253,0
401,240,0
402,63,0
414,163,0
415,253,0
416,253,0
417,112,0
426,38,0
427,234,0
428,252,0
429,176,0
442,85,0
443,252,0
444,252,0
445,158,0
454,113,0
455,252,0
456,252,0
457,84,0
470,19,0
471,209,0
472,252,0
473,252,0
482,207,0
483,252,0
484,252,0
485,84,0
498,10,0
499,203,0
500,252,0
501,236,0
510,253,0
511,252,0
512,252,0
513,84,0
526,85,0
527,252,0
528,252,0
529,112,0
538,114,0
539,253,0
540,253,0
541,146,0
553,51,0
554,159,0
555,253,0
556,240,0
557,63,0
566,75,0
567,243,0
568,252,0
569,249,0
570,146,0
579,57,0
580,85,0
581,238,0
582,252,0
583,252,0
584,99,0
595,116,0
596,252,0
597,252,0
598,252,0
599,198,0
600,197,0
601,165,0
602,57,0
603,57,0
604,57,0
605,182,0
606,197,0
607,234,0
608,252,0
609,253,0
610,233,0
611,164,0
612,19,0
623,28,0
624,84,0
625,180,0
626,252,0
627,253,0
628,252,0
629,252,0
630,252,0
631,252,0
632,253,0
633,252,0
634,252,0
635,252,0
636,252,0
637,225,0
638,71,0
653,13,0
654,112,0
655,253,0
656,252,0
657,252,0
658,252,0
659,252,0
660,253,0
661,252,0
662,252,0
663,157,0
664,112,0
125,19,0
126,164,0
127,253,0
128,255,0
129,253,0
130,118,0
131,59,0
132,36,0
153,78,0
154,251,0
155,251,0
156,253,0
157,251,0
158,251,0
159,251,0
160,199,0
161,45,0
180,14,0
181,198,0
182,251,0
183,251,0
184,253,0
185,251,0
186,251,0
187,251,0
188,251,0
189,204,0
190,26,0
208,5,0
209,117,0
210,251,0
211,251,0
212,243,0
213,212,0
214,239,0
215,251,0
216,251,0
217,251,0
218,218,0
236,95,0
237,251,0
238,251,0
239,251,0
240,120,0
242,175,0
243,251,0
244,251,0
245,251,0
246,231,0
263,97,0
264,237,0
265,251,0
266,251,0
267,251,0
270,67,0
271,240,0
272,251,0
273,251,0
274,243,0
275,108,0
290,8,0
291,163,0
292,251,0
293,251,0
294,240,0
295,81,0
299,68,0
300,251,0
301,251,0
302,251,0
303,179,0
304,9,0
317,13,0
318,145,0
319,251,0
320,251,0
321,226,0
322,80,0
327,39,0
328,251,0
329,251,0
330,251,0
331,251,0
332,115,0
345,144,0
346,251,0
347,251,0
348,251,0
349,173,0
355,18,0
356,167,0
357,251,0
358,251,0
359,251,0
360,115,0
373,233,0
374,251,0
375,251,0
376,251,0
377,173,0
384,98,0
385,251,0
386,251,0
387,251,0
388,115,0
400,176,0
401,253,0
402,253,0
403,216,0
404,179,0
412,99,0
413,253,0
414,253,0
415,253,0
416,116,0
427,55,0
428,210,0
429,251,0
430,251,0
431,96,0
440,98,0
441,251,0
442,251,0
443,214,0
444,62,0
455,117,0
456,251,0
457,251,0
458,251,0
459,96,0
467,28,0
468,204,0
469,251,0
470,237,0
471,53,0
482,55,0
483,241,0
484,251,0
485,251,0
486,160,0
487,7,0
494,28,0
495,222,0
496,251,0
497,251,0
498,231,0
510,59,0
511,251,0
512,251,0
513,251,0
514,153,0
520,23,0
521,98,0
522,204,0
523,251,0
524,251,0
525,251,0
526,156,0
538,59,0
539,251,0
540,251,0
541,251,0
542,153,0
546,85,0
547,155,0
548,179,0
549,251,0
550,251,0
551,251,0
552,251,0
553,154,0
554,15,0
566,59,0
567,251,0
568,251,0
569,251,0
570,236,0
571,214,0
572,214,0
573,214,0
574,234,0
575,251,0
576,253,0
577,251,0
578,251,0
579,248,0
580,156,0
581,15,0
594,41,0
595,209,0
596,251,0
597,251,0
598,251,0
599,251,0
600,251,0
601,251,0
602,251,0
603,251,0
604,253,0
605,251,0
606,196,0
607,146,0
623,54,0
624,115,0
625,241,0
626,251,0
627,251,0
628,251,0
629,251,0
630,251,0
631,251,0
632,253,0
633,187,0
634,35,0
653,83,0
654,251,0
655,251,0
656,251,0
657,251,0
658,251,0
659,101,0
660,57,0
661,31,0
125,218,0
126,253,0
127,253,0
128,255,0
129,149,0
130,62,0
151,42,0
152,144,0
153,236,0
154,251,0
155,251,0
156,253,0
157,251,0
158,236,0
159,144,0
160,144,0
179,99,0
180,251,0
181,251,0
182,251,0
183,225,0
184,253,0
185,251,0
186,251,0
187,251,0
188,251,0
189,166,0
190,16,0
206,79,0
207,253,0
208,251,0
209,251,0
210,204,0
211,41,0
212,143,0
213,205,0
214,251,0
215,251,0
216,251,0
217,253,0
218,169,0
219,15,0
233,79,0
234,231,0
235,253,0
236,251,0
237,225,0
238,41,0
241,41,0
242,226,0
243,251,0
244,251,0
245,253,0
246,251,0
247,164,0
260,37,0
261,253,0
262,253,0
263,255,0
264,253,0
265,35,0
271,79,0
272,232,0
273,255,0
274,253,0
275,227,0
276,42,0
288,140,0
289,251,0
290,251,0
291,253,0
292,168,0
293,15,0
300,77,0
301,253,0
302,251,0
303,251,0
304,142,0
315,21,0
316,221,0
317,251,0
318,251,0
319,164,0
320,15,0
329,227,0
330,251,0
331,251,0
332,236,0
333,61,0
342,32,0
343,190,0
344,251,0
345,251,0
346,251,0
357,73,0
358,251,0
359,251,0
360,251,0
361,71,0
370,73,0
371,251,0
372,251,0
373,251,0
374,251,0
385,73,0
386,251,0
387,251,0
388,251,0
389,71,0
398,73,0
399,253,0
400,253,0
401,253,0
402,201,0
413,73,0
414,253,0
415,253,0
416,253,0
417,72,0
426,176,0
427,251,0
428,251,0
429,251,0
430,71,0
441,73,0
442,251,0
443,251,0
444,251,0
445,71,0
454,253,0
455,251,0
456,251,0
457,157,0
458,10,0
469,73,0
470,251,0
471,251,0
472,251,0
473,71,0
482,253,0
483,251,0
484,251,0
485,142,0
497,150,0
498,251,0
499,251,0
500,204,0
501,41,0
510,124,0
511,251,0
512,251,0
513,220,0
514,180,0
524,130,0
525,253,0
526,251,0
527,225,0
528,41,0
538,73,0
539,253,0
540,253,0
541,253,0
542,253,0
543,73,0
544,73,0
545,10,0
549,42,0
550,73,0
551,150,0
552,253,0
553,255,0
554,253,0
555,216,0
566,31,0
567,189,0
568,251,0
569,251,0
570,251,0
571,253,0
572,251,0
573,159,0
574,144,0
575,144,0
576,145,0
577,206,0
578,251,0
579,251,0
580,251,0
581,253,0
582,168,0
583,92,0
595,20,0
596,195,0
597,251,0
598,251,0
599,253,0
600,251,0
601,251,0
602,251,0
603,251,0
604,253,0
605,251,0
606,251,0
607,251,0
608,225,0
609,164,0
610,15,0
624,21,0
625,142,0
626,220,0
627,253,0
628,251,0
629,251,0
630,251,0
631,251,0
632,253,0
633,251,0
634,251,0
635,204,0
636,41,0
654,51,0
655,72,0
656,174,0
657,251,0
658,251,0
659,251,0
660,253,0
661,147,0
662,71,0
663,41,0
125,22,0
126,183,0
127,252,0
128,254,0
129,252,0
130,252,0
131,252,0
132,76,0
151,85,0
152,85,0
153,168,0
154,250,0
155,250,0
156,252,0
157,250,0
158,250,0
159,250,0
160,250,0
161,71,0
163,43,0
164,85,0
165,14,0
178,107,0
179,252,0
180,250,0
181,250,0
182,250,0
183,250,0
184,252,0
185,250,0
186,250,0
187,250,0
188,250,0
189,210,0
191,127,0
192,250,0
193,146,0
205,114,0
206,237,0
207,252,0
208,250,0
209,250,0
210,250,0
211,250,0
212,252,0
213,250,0
214,250,0
215,250,0
216,250,0
217,210,0
219,127,0
220,250,0
221,250,0
232,107,0
233,237,0
234,250,0
235,252,0
236,250,0
237,250,0
238,250,0
239,74,0
240,41,0
241,41,0
242,41,0
243,41,0
244,217,0
245,34,0
247,127,0
248,250,0
249,250,0
259,15,0
260,148,0
261,252,0
262,252,0
263,254,0
264,238,0
265,105,0
275,128,0
276,252,0
277,252,0
286,15,0
287,140,0
288,250,0
289,250,0
290,250,0
291,167,0
292,111,0
303,127,0
304,250,0
305,250,0
314,43,0
315,250,0
316,250,0
317,250,0
318,250,0
331,127,0
332,250,0
333,250,0
342,183,0
343,250,0
344,250,0
345,250,0
346,110,0
358,57,0
359,210,0
360,250,0
361,250,0
370,252,0
371,250,0
372,250,0
373,110,0
374,7,0
386,85,0
387,250,0
388,250,0
389,250,0
398,254,0
399,252,0
400,252,0
401,83,0
414,86,0
415,252,0
416,252,0
417,217,0
426,252,0
427,250,0
428,250,0
429,138,0
430,14,0
441,15,0
442,140,0
443,250,0
444,250,0
445,41,0
454,252,0
455,250,0
456,250,0
457,250,0
458,41,0
469,43,0
470,250,0
471,250,0
472,250,0
473,41,0
482,252,0
483,250,0
484,250,0
485,250,0
486,181,0
497,183,0
498,250,0
499,250,0
500,250,0
501,41,0
510,76,0
511,250,0
512,250,0
513,250,0
514,250,0
524,177,0
525,252,0
526,250,0
527,250,0
528,110,0
529,7,0
538,36,0
539,224,0
540,252,0
541,252,0
542,252,0
543,219,0
544,43,0
545,43,0
546,43,0
547,7,0
549,15,0
550,43,0
551,183,0
552,252,0
553,255,0
554,252,0
555,126,0
567,85,0
568,250,0
569,250,0
570,250,0
571,252,0
572,250,0
573,250,0
574,250,0
575,111,0
576,86,0
577,140,0
578,250,0
579,250,0
580,250,0
581,252,0
582,222,0
583,83,0
595,42,0
596,188,0
597,250,0
598,250,0
599,252,0
600,250,0
601,250,0
602,250,0
603,250,0
604,252,0
605,250,0
606,250,0
607,250,0
608,250,0
609,126,0
610,83,0
624,127,0
625,250,0
626,250,0
627,252,0
628,250,0
629,250,0
630,250,0
631,250,0
632,252,0
633,250,0
634,250,0
635,137,0
636,83,0
652,21,0
653,41,0
654,217,0
655,252,0
656,250,0
657,250,0
658,250,0
659,250,0
660,217,0
661,41,0
662,41,0
663,14,0
125,29,0
126,170,0
127,255,0
128,255,0
129,141,0
151,29,0
152,198,0
153,255,0
154,255,0
155,255,0
156,226,0
157,255,0
158,86,0
178,141,0
179,255,0
180,255,0
181,170,0
182,29,0
184,86,0
185,255,0
186,255,0
187,141,0
204,29,0
205,226,0
206,255,0
207,198,0
208,57,0
213,226,0
214,255,0
215,255,0
216,226,0
217,114,0
231,29,0
232,255,0
233,255,0
234,114,0
241,141,0
242,170,0
243,114,0
244,255,0
245,255,0
246,141,0
259,226,0
260,255,0
261,170,0
269,29,0
270,57,0
273,141,0
274,255,0
275,226,0
286,57,0
287,255,0
288,170,0
302,114,0
303,255,0
304,198,0
314,226,0
315,255,0
331,170,0
332,255,0
333,57,0
342,255,0
343,226,0
360,255,0
361,170,0
370,255,0
371,170,0
388,114,0
389,198,0
398,255,0
399,226,0
416,86,0
417,255,0
426,198,0
427,255,0
444,86,0
445,255,0
454,114,0
455,255,0
456,57,0
472,86,0
473,255,0
482,29,0
483,255,0
484,226,0
500,141,0
501,255,0
511,170,0
512,255,0
513,170,0
528,226,0
529,198,0
539,29,0
540,226,0
541,255,0
542,170,0
555,29,0
556,255,0
557,114,0
568,29,0
569,226,0
570,255,0
571,141,0
582,57,0
583,226,0
584,226,0
598,141,0
599,255,0
600,255,0
601,170,0
602,86,0
607,29,0
608,86,0
609,226,0
610,255,0
611,226,0
612,29,0
627,86,0
628,198,0
629,255,0
630,255,0
631,255,0
632,255,0
633,255,0
634,255,0
635,255,0
636,255,0
637,255,0
638,141,0
639,29,0
657,29,0
658,114,0
659,170,0
660,170,0
661,170,0
662,170,0
663,170,0
664,86,0
125,57,0
126,255,0
127,253,0
128,198,0
129,85,0
153,168,0
154,253,0
155,251,0
156,253,0
157,251,0
158,169,0
159,56,0
180,86,0
181,253,0
182,254,0
183,253,0
184,254,0
185,253,0
186,254,0
187,253,0
188,57,0
208,197,0
209,251,0
210,253,0
211,251,0
212,253,0
213,251,0
214,253,0
215,251,0
216,225,0
217,56,0
235,169,0
236,255,0
237,253,0
238,226,0
239,56,0
241,114,0
242,254,0
243,253,0
244,254,0
245,84,0
262,57,0
263,224,0
264,253,0
265,251,0
266,56,0
270,139,0
271,251,0
272,253,0
273,83,0
290,141,0
291,253,0
292,255,0
293,84,0
298,57,0
299,225,0
300,254,0
301,196,0
318,253,0
319,251,0
320,253,0
321,83,0
327,168,0
328,253,0
329,83,0
345,169,0
346,254,0
347,253,0
348,169,0
355,169,0
356,254,0
357,253,0
358,169,0
373,168,0
374,253,0
375,251,0
376,56,0
383,168,0
384,253,0
385,251,0
386,56,0
401,169,0
402,254,0
403,84,0
412,254,0
413,253,0
429,168,0
430,253,0
431,83,0
440,253,0
441,251,0
456,29,0
457,197,0
458,254,0
459,84,0
467,169,0
468,254,0
469,196,0
484,85,0
485,251,0
486,253,0
487,83,0
494,57,0
495,224,0
496,253,0
497,83,0
512,57,0
513,225,0
514,254,0
515,139,0
521,57,0
522,141,0
523,253,0
524,254,0
525,84,0
541,168,0
542,253,0
543,251,0
544,169,0
545,56,0
547,114,0
548,169,0
549,224,0
550,253,0
551,251,0
552,253,0
553,83,0
569,169,0
570,254,0
571,253,0
572,254,0
573,253,0
574,254,0
575,253,0
576,254,0
577,253,0
578,254,0
579,253,0
580,226,0
581,56,0
597,56,0
598,253,0
599,251,0
600,253,0
601,251,0
602,253,0
603,251,0
604,253,0
605,251,0
606,253,0
607,251,0
608,56,0
626,169,0
627,225,0
628,254,0
629,253,0
630,254,0
631,253,0
632,254,0
633,253,0
634,226,0
635,56,0
655,56,0
656,253,0
657,251,0
658,253,0
659,251,0
660,84,0
661,83,0
662,56,0
126,32,0
127,202,0
128,255,0
129,253,0
130,253,0
131,175,0
132,21,0
152,84,0
153,144,0
154,190,0
155,251,0
156,253,0
157,251,0
158,251,0
159,251,0
160,174,0
176,6,0
177,37,0
178,166,0
179,218,0
180,236,0
181,251,0
182,251,0
183,251,0
184,253,0
185,251,0
186,251,0
187,251,0
188,251,0
189,156,0
204,115,0
205,251,0
206,251,0
207,253,0
208,251,0
209,251,0
210,251,0
211,251,0
212,253,0
213,251,0
214,251,0
215,251,0
216,251,0
217,180,0
231,105,0
232,241,0
233,251,0
234,251,0
235,253,0
236,251,0
237,251,0
238,251,0
239,122,0
240,72,0
241,71,0
242,71,0
243,148,0
244,251,0
245,180,0
258,73,0
259,253,0
260,253,0
261,253,0
262,253,0
263,202,0
264,253,0
265,253,0
266,143,0
286,31,0
287,189,0
288,251,0
289,251,0
290,251,0
291,31,0
292,189,0
293,251,0
294,142,0
314,63,0
315,236,0
316,251,0
317,251,0
318,96,0
320,124,0
321,246,0
322,142,0
330,21,0
331,166,0
332,21,0
342,73,0
343,251,0
344,251,0
345,251,0
346,71,0
349,217,0
350,142,0
357,32,0
358,190,0
359,251,0
360,142,0
370,73,0
371,251,0
372,251,0
373,251,0
374,71,0
377,217,0
378,142,0
385,73,0
386,251,0
387,251,0
388,142,0
398,73,0
399,253,0
400,253,0
401,253,0
402,72,0
405,156,0
406,103,0
413,73,0
414,253,0
415,253,0
416,253,0
417,72,0
426,73,0
427,251,0
428,251,0
429,251,0
430,174,0
441,73,0
442,251,0
443,251,0
444,251,0
445,71,0
454,73,0
455,251,0
456,251,0
457,251,0
458,251,0
469,73,0
470,251,0
471,251,0
472,251,0
473,71,0
482,42,0
483,205,0
484,251,0
485,251,0
486,251,0
487,79,0
497,73,0
498,251,0
499,251,0
500,251,0
501,71,0
511,41,0
512,226,0
513,251,0
514,251,0
515,232,0
516,77,0
525,73,0
526,251,0
527,251,0
528,251,0
529,71,0
540,166,0
541,253,0
542,253,0
543,255,0
544,253,0
545,227,0
546,73,0
547,21,0
553,125,0
554,253,0
555,253,0
556,143,0
568,16,0
569,169,0
570,251,0
571,253,0
572,251,0
573,251,0
574,251,0
575,174,0
576,105,0
579,63,0
580,144,0
581,253,0
582,251,0
583,251,0
584,142,0
597,15,0
598,35,0
599,253,0
600,251,0
601,251,0
602,251,0
603,251,0
604,243,0
605,217,0
606,217,0
607,231,0
608,251,0
609,253,0
610,251,0
611,220,0
612,20,0
627,143,0
628,142,0
629,236,0
630,251,0
631,251,0
632,253,0
633,251,0
634,251,0
635,251,0
636,251,0
637,253,0
638,251,0
639,137,0
657,61,0
658,71,0
659,200,0
660,253,0
661,251,0
662,251,0
663,251,0
664,251,0
665,201,0
666,71,0
667,10,0
127,12,0
128,105,0
129,224,0
130,255,0
131,247,0
132,22,0
155,131,0
156,254,0
157,254,0
158,243,0
159,252,0
160,76,0
182,131,0
183,225,0
184,254,0
185,224,0
186,48,0
187,136,0
208,13,0
209,109,0
210,252,0
211,254,0
212,254,0
213,254,0
214,197,0
215,76,0
235,9,0
236,181,0
237,254,0
238,254,0
239,240,0
240,229,0
241,237,0
242,254,0
243,252,0
244,152,0
245,21,0
262,9,0
263,143,0
264,254,0
265,254,0
266,226,0
267,36,0
269,22,0
270,138,0
271,254,0
272,254,0
273,188,0
289,13,0
290,181,0
291,254,0
292,254,0
293,250,0
294,64,0
298,2,0
299,53,0
300,236,0
301,252,0
302,131,0
317,102,0
318,254,0
319,254,0
320,254,0
321,111,0
328,56,0
329,243,0
330,251,0
331,42,0
344,30,0
345,186,0
346,254,0
347,254,0
348,206,0
349,29,0
357,199,0
358,254,0
359,91,0
372,92,0
373,254,0
374,254,0
375,237,0
376,13,0
385,134,0
386,254,0
387,91,0
400,133,0
401,254,0
402,254,0
403,126,0
413,134,0
414,250,0
415,17,0
428,187,0
429,254,0
430,237,0
431,23,0
441,200,0
442,183,0
456,187,0
457,254,0
458,213,0
467,2,0
468,134,0
469,252,0
470,101,0
484,183,0
485,254,0
486,133,0
495,14,0
496,254,0
497,234,0
498,34,0
512,92,0
513,254,0
514,161,0
522,84,0
523,204,0
524,254,0
525,56,0
540,92,0
541,254,0
542,229,0
549,85,0
550,252,0
551,252,0
552,188,0
553,11,0
568,56,0
569,252,0
570,229,0
575,3,0
576,53,0
577,235,0
578,253,0
579,166,0
597,224,0
598,245,0
599,130,0
600,68,0
601,68,0
602,134,0
603,214,0
604,254,0
605,254,0
606,159,0
625,141,0
626,254,0
627,254,0
628,254,0
629,254,0
630,254,0
631,254,0
632,233,0
633,95,0
634,3,0
653,14,0
654,152,0
655,254,0
656,254,0
657,254,0
658,186,0
659,157,0
660,53,0
127,28,0
128,164,0
129,254,0
130,233,0
131,148,0
132,11,0
154,3,0
155,164,0
156,254,0
157,234,0
158,225,0
159,254,0
160,204,0
182,91,0
183,254,0
184,235,0
185,48,0
186,32,0
187,166,0
188,251,0
189,92,0
208,33,0
209,111,0
210,214,0
211,205,0
212,49,0
215,24,0
216,216,0
217,210,0
235,34,0
236,217,0
237,254,0
238,254,0
239,211,0
244,87,0
245,237,0
246,43,0
262,34,0
263,216,0
264,254,0
265,254,0
266,252,0
267,243,0
268,61,0
272,38,0
273,248,0
274,182,0
290,171,0
291,254,0
292,184,0
293,205,0
294,175,0
295,36,0
301,171,0
302,227,0
317,28,0
318,234,0
319,190,0
320,13,0
321,193,0
322,157,0
329,124,0
330,238,0
331,26,0
345,140,0
346,254,0
347,131,0
349,129,0
350,157,0
357,124,0
358,254,0
359,95,0
373,201,0
374,238,0
375,56,0
377,70,0
378,103,0
385,124,0
386,254,0
387,148,0
400,62,0
401,255,0
402,210,0
413,150,0
414,254,0
415,122,0
428,86,0
429,254,0
430,201,0
431,15,0
440,28,0
441,237,0
442,246,0
443,44,0
456,128,0
457,254,0
458,143,0
468,34,0
469,243,0
470,227,0
484,62,0
485,254,0
486,210,0
496,58,0
497,249,0
498,179,0
512,30,0
513,240,0
514,210,0
524,207,0
525,254,0
526,64,0
541,216,0
542,231,0
543,34,0
551,129,0
552,248,0
553,170,0
554,9,0
569,131,0
570,254,0
571,170,0
577,17,0
578,129,0
579,248,0
580,225,0
581,24,0
597,50,0
598,245,0
599,245,0
600,184,0
601,106,0
602,106,0
603,106,0
604,133,0
605,231,0
606,254,0
607,244,0
608,53,0
626,67,0
627,249,0
628,254,0
629,254,0
630,254,0
631,254,0
632,254,0
633,251,0
634,193,0
635,40,0
655,38,0
656,157,0
657,248,0
658,166,0
659,166,0
660,139,0
661,57,0
127,37,0
128,141,0
129,156,0
130,156,0
131,194,0
132,194,0
133,47,0
153,11,0
154,132,0
155,239,0
156,253,0
157,253,0
158,253,0
159,253,0
160,254,0
161,181,0
180,25,0
181,172,0
182,253,0
183,235,0
184,167,0
185,78,0
186,93,0
187,174,0
188,254,0
189,247,0
190,54,0
207,26,0
208,210,0
209,253,0
210,237,0
211,90,0
216,201,0
217,253,0
218,78,0
235,192,0
236,253,0
237,237,0
238,58,0
244,156,0
245,253,0
246,78,0
262,141,0
263,254,0
264,235,0
265,53,0
269,19,0
270,5,0
272,156,0
273,254,0
274,78,0
289,46,0
290,254,0
291,253,0
292,92,0
296,17,0
297,226,0
298,217,0
299,49,0
300,148,0
301,253,0
302,78,0
317,165,0
318,254,0
319,239,0
320,24,0
324,20,0
325,253,0
326,253,0
327,58,0
328,18,0
329,115,0
330,24,0
344,37,0
345,248,0
346,254,0
347,91,0
352,2,0
353,117,0
354,250,0
355,163,0
356,91,0
372,77,0
373,253,0
374,254,0
375,39,0
382,196,0
383,253,0
384,173,0
400,159,0
401,254,0
402,218,0
403,15,0
410,77,0
411,254,0
412,255,0
413,61,0
428,234,0
429,253,0
430,113,0
438,21,0
439,226,0
440,254,0
441,135,0
455,25,0
456,240,0
457,253,0
458,68,0
467,195,0
468,254,0
469,135,0
483,79,0
484,253,0
485,253,0
495,195,0
496,254,0
497,135,0
511,79,0
512,253,0
513,253,0
514,76,0
523,195,0
524,254,0
525,99,0
540,212,0
541,254,0
542,209,0
543,9,0
550,10,0
551,209,0
552,196,0
553,15,0
568,54,0
569,253,0
570,254,0
571,137,0
572,36,0
576,2,0
577,20,0
578,168,0
579,253,0
580,60,0
596,28,0
597,235,0
598,254,0
599,253,0
600,199,0
601,124,0
602,79,0
603,79,0
604,167,0
605,253,0
606,253,0
607,185,0
608,30,0
625,15,0
626,117,0
627,217,0
628,253,0
629,253,0
630,253,0
631,254,0
632,253,0
633,240,0
634,109,0
635,12,0
655,27,0
656,126,0
657,208,0
658,253,0
659,193,0
660,147,0
661,40,0
127,42,0
128,235,0
129,255,0
130,84,0
153,15,0
154,132,0
155,208,0
156,253,0
157,253,0
158,171,0
159,108,0
180,6,0
181,177,0
182,253,0
183,253,0
184,253,0
185,253,0
186,253,0
187,242,0
188,110,0
208,151,0
209,253,0
210,253,0
211,253,0
212,253,0
213,253,0
214,253,0
215,253,0
216,139,0
235,48,0
236,208,0
237,253,0
238,253,0
239,253,0
240,253,0
241,253,0
242,253,0
243,253,0
244,139,0
263,85,0
264,253,0
265,253,0
266,253,0
267,253,0
268,236,0
269,156,0
270,184,0
271,253,0
272,148,0
273,6,0
290,7,0
291,141,0
292,253,0
293,253,0
294,253,0
295,253,0
296,27,0
298,170,0
299,253,0
300,253,0
301,74,0
318,19,0
319,253,0
320,253,0
321,253,0
322,253,0
323,253,0
324,27,0
326,170,0
327,253,0
328,253,0
329,74,0
345,16,0
346,186,0
347,253,0
348,253,0
349,253,0
350,242,0
351,105,0
352,4,0
354,170,0
355,253,0
356,253,0
357,94,0
358,1,0
373,141,0
374,253,0
375,253,0
376,253,0
377,242,0
378,100,0
382,170,0
383,253,0
384,253,0
385,253,0
386,8,0
401,141,0
402,253,0
403,253,0
404,253,0
405,224,0
410,170,0
411,253,0
412,253,0
413,253,0
414,8,0
428,12,0
429,158,0
430,253,0
431,253,0
432,230,0
433,51,0
438,18,0
439,237,0
440,253,0
441,253,0
442,8,0
456,76,0
457,253,0
458,253,0
459,218,0
460,61,0
467,236,0
468,253,0
469,253,0
470,8,0
484,76,0
485,253,0
486,253,0
487,168,0
495,110,0
496,253,0
497,132,0
498,3,0
512,76,0
513,253,0
514,253,0
515,168,0
521,20,0
522,174,0
523,239,0
524,147,0
525,5,0
539,5,0
540,155,0
541,253,0
542,253,0
543,168,0
548,102,0
549,170,0
550,253,0
551,253,0
552,139,0
567,3,0
568,128,0
569,253,0
570,253,0
571,228,0
572,179,0
573,179,0
574,179,0
575,179,0
576,245,0
577,253,0
578,253,0
579,219,0
580,41,0
596,76,0
597,253,0
598,253,0
599,253,0
600,253,0
601,253,0
602,253,0
603,253,0
604,253,0
605,253,0
606,253,0
607,163,0
624,39,0
625,199,0
626,253,0
627,253,0
628,253,0
629,253,0
630,253,0
631,253,0
632,253,0
633,253,0
634,170,0
635,9,0
653,36,0
654,219,0
655,253,0
656,253,0
657,253,0
658,253,0
659,253,0
660,224,0
661,65,0
662,22,0
127,45,0
128,254,0
129,254,0
130,254,0
131,148,0
132,24,0
133,9,0
154,43,0
155,254,0
156,252,0
157,252,0
158,252,0
159,252,0
160,252,0
161,121,0
162,13,0
181,58,0
182,237,0
183,254,0
184,252,0
185,252,0
186,252,0
187,252,0
188,252,0
189,252,0
190,68,0
208,69,0
209,224,0
210,252,0
211,254,0
212,252,0
213,252,0
214,252,0
215,252,0
216,252,0
217,252,0
218,135,0
219,17,0
235,75,0
236,216,0
237,252,0
238,252,0
239,254,0
240,231,0
241,168,0
242,252,0
243,252,0
244,252,0
245,252,0
246,252,0
247,45,0
262,77,0
263,212,0
264,252,0
265,252,0
266,252,0
267,242,0
268,93,0
269,32,0
270,114,0
271,177,0
272,252,0
273,252,0
274,252,0
275,158,0
276,12,0
289,75,0
290,212,0
291,252,0
292,252,0
293,252,0
294,252,0
295,231,0
299,116,0
300,252,0
301,252,0
302,252,0
303,252,0
304,21,0
316,69,0
317,216,0
318,252,0
319,252,0
320,252,0
321,252,0
322,252,0
323,62,0
327,116,0
328,252,0
329,252,0
330,252,0
331,252,0
332,21,0
344,93,0
345,252,0
346,252,0
347,252,0
348,252,0
349,252,0
350,62,0
355,21,0
356,158,0
357,252,0
358,252,0
359,252,0
360,21,0
371,64,0
372,239,0
373,252,0
374,252,0
375,252,0
376,252,0
377,252,0
378,21,0
384,139,0
385,252,0
386,252,0
387,252,0
388,21,0
398,5,0
399,87,0
400,254,0
401,254,0
402,254,0
403,254,0
404,237,0
405,41,0
411,11,0
412,150,0
413,254,0
414,254,0
415,254,0
416,22,0
425,5,0
426,85,0
427,252,0
428,252,0
429,252,0
430,252,0
431,222,0
432,55,0
439,116,0
440,252,0
441,252,0
442,252,0
443,214,0
444,18,0
453,24,0
454,252,0
455,252,0
456,252,0
457,252,0
458,252,0
459,91,0
466,26,0
467,153,0
468,252,0
469,252,0
470,252,0
471,45,0
481,24,0
482,252,0
483,252,0
484,252,0
485,252,0
486,252,0
487,91,0
492,18,0
493,93,0
494,151,0
495,252,0
496,252,0
497,252,0
498,184,0
499,28,0
509,24,0
510,252,0
511,252,0
512,252,0
513,252,0
514,252,0
515,164,0
516,116,0
517,116,0
518,116,0
519,117,0
520,141,0
521,252,0
522,252,0
523,252,0
524,252,0
525,252,0
526,68,0
537,24,0
538,252,0
539,252,0
540,252,0
541,252,0
542,252,0
543,252,0
544,252,0
545,252,0
546,252,0
547,254,0
548,252,0
549,252,0
550,252,0
551,252,0
552,252,0
553,163,0
554,31,0
565,9,0
566,121,0
567,252,0
568,252,0
569,252,0
570,252,0
571,252,0
572,252,0
573,252,0
574,252,0
575,254,0
576,252,0
577,252,0
578,252,0
579,178,0
580,91,0
581,33,0
594,13,0
595,119,0
596,252,0
597,252,0
598,252,0
599,252,0
600,252,0
601,252,0
602,252,0
603,254,0
604,252,0
605,252,0
606,184,0
607,37,0
623,13,0
624,121,0
625,252,0
626,252,0
627,252,0
628,252,0
629,252,0
630,252,0
631,254,0
632,214,0
633,45,0
634,28,0
652,8,0
653,21,0
654,21,0
655,169,0
656,252,0
657,252,0
658,41,0
659,22,0
660,18,0
127,46,0
128,105,0
129,254,0
130,254,0
131,224,0
132,59,0
133,59,0
134,9,0
155,196,0
156,254,0
157,253,0
158,253,0
159,253,0
160,253,0
161,253,0
162,128,0
182,96,0
183,235,0
184,254,0
185,253,0
186,253,0
187,253,0
188,253,0
189,253,0
190,247,0
191,122,0
208,4,0
209,101,0
210,244,0
211,253,0
212,254,0
213,234,0
214,241,0
215,253,0
216,253,0
217,253,0
218,253,0
219,186,0
220,18,0
236,96,0
237,253,0
238,253,0
239,253,0
240,232,0
241,83,0
242,109,0
243,170,0
244,253,0
245,253,0
246,253,0
247,253,0
248,116,0
264,215,0
265,253,0
266,253,0
267,253,0
268,196,0
271,40,0
272,253,0
273,253,0
274,253,0
275,253,0
276,116,0
290,8,0
291,141,0
292,247,0
293,253,0
294,253,0
295,237,0
296,29,0
299,6,0
300,38,0
301,171,0
302,253,0
303,253,0
304,116,0
317,13,0
318,146,0
319,253,0
320,253,0
321,253,0
322,253,0
323,57,0
329,156,0
330,253,0
331,253,0
332,116,0
345,40,0
346,253,0
347,253,0
348,253,0
349,253,0
350,178,0
351,27,0
357,156,0
358,253,0
359,253,0
360,116,0
372,136,0
373,204,0
374,253,0
375,253,0
376,253,0
377,192,0
378,27,0
385,156,0
386,253,0
387,253,0
388,116,0
399,28,0
400,195,0
401,254,0
402,254,0
403,254,0
404,250,0
405,135,0
412,99,0
413,255,0
414,254,0
415,254,0
416,117,0
427,118,0
428,253,0
429,253,0
430,253,0
431,253,0
432,142,0
439,19,0
440,170,0
441,253,0
442,253,0
443,216,0
444,62,0
454,42,0
455,212,0
456,253,0
457,253,0
458,253,0
459,253,0
460,38,0
466,124,0
467,188,0
468,253,0
469,253,0
470,253,0
471,174,0
482,59,0
483,253,0
484,253,0
485,253,0
486,237,0
487,93,0
488,3,0
491,31,0
492,40,0
493,130,0
494,247,0
495,253,0
496,253,0
497,253,0
498,204,0
499,13,0
510,59,0
511,253,0
512,253,0
513,253,0
514,154,0
518,54,0
519,218,0
520,254,0
521,253,0
522,253,0
523,253,0
524,253,0
525,253,0
526,38,0
538,59,0
539,253,0
540,253,0
541,253,0
542,215,0
543,156,0
544,156,0
545,156,0
546,209,0
547,253,0
548,255,0
549,253,0
550,253,0
551,253,0
552,192,0
553,97,0
554,15,0
566,55,0
567,242,0
568,253,0
569,253,0
570,253,0
571,253,0
572,253,0
573,253,0
574,253,0
575,253,0
576,254,0
577,253,0
578,253,0
579,204,0
580,23,0
595,118,0
596,253,0
597,253,0
598,253,0
599,253,0
600,253,0
601,253,0
602,253,0
603,253,0
604,254,0
605,216,0
606,174,0
607,13,0
623,54,0
624,116,0
625,243,0
626,253,0
627,253,0
628,253,0
629,253,0
630,253,0
631,146,0
632,117,0
633,62,0
653,53,0
654,132,0
655,253,0
656,253,0
657,192,0
658,57,0
659,13,0
127,60,0
128,96,0
129,96,0
130,48,0
153,16,0
154,171,0
155,228,0
156,253,0
157,251,0
158,220,0
159,51,0
160,32,0
181,127,0
182,251,0
183,251,0
184,253,0
185,251,0
186,251,0
187,251,0
188,251,0
189,80,0
207,24,0
208,182,0
209,236,0
210,251,0
211,211,0
212,189,0
213,236,0
214,251,0
215,251,0
216,251,0
217,242,0
218,193,0
234,100,0
235,194,0
236,251,0
237,251,0
238,211,0
239,35,0
241,71,0
242,173,0
243,251,0
244,251,0
245,253,0
246,240,0
247,158,0
248,19,0
261,64,0
262,253,0
263,255,0
264,253,0
265,205,0
266,19,0
271,40,0
272,218,0
273,255,0
274,253,0
275,253,0
276,91,0
288,16,0
289,186,0
290,251,0
291,253,0
292,247,0
293,110,0
300,39,0
301,233,0
302,251,0
303,251,0
304,188,0
315,16,0
316,189,0
317,251,0
318,251,0
319,205,0
320,110,0
329,48,0
330,220,0
331,251,0
332,220,0
333,48,0
343,72,0
344,251,0
345,251,0
346,251,0
347,158,0
358,51,0
359,251,0
360,251,0
361,232,0
371,190,0
372,251,0
373,251,0
374,251,0
375,59,0
386,32,0
387,251,0
388,251,0
389,251,0
398,96,0
399,253,0
400,253,0
401,253,0
402,95,0
414,32,0
415,253,0
416,253,0
417,193,0
426,214,0
427,251,0
428,251,0
429,204,0
430,23,0
442,52,0
443,251,0
444,251,0
445,94,0
454,253,0
455,251,0
456,251,0
457,109,0
469,48,0
470,221,0
471,251,0
472,219,0
473,47,0
482,253,0
483,251,0
484,251,0
485,70,0
497,234,0
498,251,0
499,251,0
500,188,0
510,253,0
511,251,0
512,251,0
513,188,0
523,40,0
524,158,0
525,253,0
526,251,0
527,172,0
528,70,0
539,191,0
540,253,0
541,253,0
542,253,0
543,96,0
544,24,0
549,12,0
550,174,0
551,253,0
552,253,0
553,255,0
554,221,0
567,71,0
568,251,0
569,251,0
570,251,0
571,253,0
572,205,0
573,190,0
574,190,0
575,190,0
576,191,0
577,197,0
578,251,0
579,251,0
580,231,0
581,221,0
582,93,0
595,16,0
596,126,0
597,236,0
598,251,0
599,253,0
600,251,0
601,251,0
602,251,0
603,251,0
604,253,0
605,251,0
606,251,0
607,140,0
608,47,0
625,67,0
626,188,0
627,189,0
628,188,0
629,188,0
630,188,0
631,188,0
632,189,0
633,188,0
634,109,0
635,4,0
127,68,0
128,254,0
129,255,0
130,254,0
131,107,0
153,11,0
154,176,0
155,230,0
156,253,0
157,253,0
158,253,0
159,212,0
180,28,0
181,197,0
182,253,0
183,253,0
184,253,0
185,253,0
186,253,0
187,229,0
188,107,0
189,14,0
208,194,0
209,253,0
210,253,0
211,253,0
212,253,0
213,253,0
214,253,0
215,253,0
216,253,0
217,53,0
235,69,0
236,241,0
237,253,0
238,253,0
239,253,0
240,253,0
241,241,0
242,186,0
243,253,0
244,253,0
245,195,0
262,10,0
263,161,0
264,253,0
265,253,0
266,253,0
267,246,0
268,40,0
269,57,0
270,231,0
271,253,0
272,253,0
273,195,0
290,140,0
291,253,0
292,253,0
293,253,0
294,253,0
295,154,0
297,25,0
298,253,0
299,253,0
300,253,0
301,195,0
318,213,0
319,253,0
320,253,0
321,253,0
322,135,0
323,8,0
325,3,0
326,128,0
327,253,0
328,253,0
329,195,0
345,77,0
346,238,0
347,253,0
348,253,0
349,253,0
350,7,0
354,116,0
355,253,0
356,253,0
357,195,0
372,11,0
373,165,0
374,253,0
375,253,0
376,231,0
377,70,0
378,1,0
382,78,0
383,237,0
384,253,0
385,195,0
400,33,0
401,253,0
402,253,0
403,253,0
404,182,0
411,200,0
412,253,0
413,195,0
428,98,0
429,253,0
430,253,0
431,253,0
432,24,0
439,42,0
440,253,0
441,195,0
456,197,0
457,253,0
458,253,0
459,253,0
460,24,0
467,163,0
468,253,0
469,195,0
484,197,0
485,253,0
486,253,0
487,189,0
488,13,0
494,53,0
495,227,0
496,253,0
497,121,0
512,197,0
513,253,0
514,253,0
515,114,0
521,21,0
522,227,0
523,253,0
524,231,0
525,27,0
540,197,0
541,253,0
542,253,0
543,114,0
547,5,0
548,131,0
549,143,0
550,253,0
551,231,0
552,59,0
568,197,0
569,253,0
570,253,0
571,236,0
572,73,0
573,58,0
574,217,0
575,223,0
576,253,0
577,253,0
578,253,0
579,174,0
596,197,0
597,253,0
598,253,0
599,253,0
600,253,0
601,253,0
602,253,0
603,253,0
604,253,0
605,253,0
606,253,0
607,48,0
624,149,0
625,253,0
626,253,0
627,253,0
628,253,0
629,253,0
630,253,0
631,253,0
632,253,0
633,182,0
634,15,0
635,3,0
652,12,0
653,168,0
654,253,0
655,253,0
656,253,0
657,253,0
658,253,0
659,248,0
660,89,0
661,23,0
128,51,0
129,159,0
130,253,0
131,159,0
132,50,0
155,48,0
156,238,0
157,252,0
158,252,0
159,252,0
160,237,0
182,54,0
183,227,0
184,253,0
185,252,0
186,239,0
187,233,0
188,252,0
189,57,0
190,6,0
208,10,0
209,60,0
210,224,0
211,252,0
212,253,0
213,252,0
214,202,0
215,84,0
216,252,0
217,253,0
218,122,0
236,163,0
237,252,0
238,252,0
239,252,0
240,253,0
241,252,0
242,252,0
243,96,0
244,189,0
245,253,0
246,167,0
263,51,0
264,238,0
265,253,0
266,253,0
267,190,0
268,114,0
269,253,0
270,228,0
271,47,0
272,79,0
273,255,0
274,168,0
290,48,0
291,238,0
292,252,0
293,252,0
294,179,0
295,12,0
296,75,0
297,121,0
298,21,0
301,253,0
302,243,0
303,50,0
317,38,0
318,165,0
319,253,0
320,233,0
321,208,0
322,84,0
329,253,0
330,252,0
331,165,0
344,7,0
345,178,0
346,252,0
347,240,0
348,71,0
349,19,0
350,28,0
357,253,0
358,252,0
359,195,0
372,57,0
373,252,0
374,252,0
375,63,0
385,253,0
386,252,0
387,195,0
400,198,0
401,253,0
402,190,0
413,255,0
414,253,0
415,196,0
427,76,0
428,246,0
429,252,0
430,112,0
441,253,0
442,252,0
443,148,0
455,85,0
456,252,0
457,230,0
458,25,0
467,7,0
468,135,0
469,253,0
470,186,0
471,12,0
483,85,0
484,252,0
485,223,0
494,7,0
495,131,0
496,252,0
497,225,0
498,71,0
511,85,0
512,252,0
513,145,0
521,48,0
522,165,0
523,252,0
524,173,0
539,86,0
540,253,0
541,225,0
548,114,0
549,238,0
550,253,0
551,162,0
567,85,0
568,252,0
569,249,0
570,146,0
571,48,0
572,29,0
573,85,0
574,178,0
575,225,0
576,253,0
577,223,0
578,167,0
579,56,0
595,85,0
596,252,0
597,252,0
598,252,0
599,229,0
600,215,0
601,252,0
602,252,0
603,252,0
604,196,0
605,130,0
623,28,0
624,199,0
625,252,0
626,252,0
627,253,0
628,252,0
629,252,0
630,233,0
631,145,0
652,25,0
653,128,0
654,252,0
655,253,0
656,252,0
657,141,0
658,37,0
128,73,0
129,253,0
130,227,0
131,73,0
132,21,0
156,73,0
157,251,0
158,251,0
159,251,0
160,174,0
182,16,0
183,166,0
184,228,0
185,251,0
186,251,0
187,251,0
188,122,0
210,62,0
211,220,0
212,253,0
213,251,0
214,251,0
215,251,0
216,251,0
217,79,0
238,79,0
239,231,0
240,253,0
241,251,0
242,251,0
243,251,0
244,251,0
245,232,0
246,77,0
264,145,0
265,253,0
266,253,0
267,253,0
268,255,0
269,253,0
270,253,0
271,253,0
272,253,0
273,255,0
274,108,0
292,144,0
293,251,0
294,251,0
295,251,0
296,253,0
297,168,0
298,107,0
299,169,0
300,251,0
301,253,0
302,189,0
303,20,0
318,27,0
319,89,0
320,236,0
321,251,0
322,235,0
323,215,0
324,164,0
325,15,0
326,6,0
327,129,0
328,251,0
329,253,0
330,251,0
331,35,0
345,47,0
346,211,0
347,253,0
348,251,0
349,251,0
350,142,0
354,37,0
355,251,0
356,251,0
357,253,0
358,251,0
359,35,0
373,109,0
374,251,0
375,253,0
376,251,0
377,251,0
378,142,0
382,11,0
383,148,0
384,251,0
385,253,0
386,251,0
387,164,0
400,11,0
401,150,0
402,253,0
403,255,0
404,211,0
405,25,0
410,11,0
411,150,0
412,253,0
413,255,0
414,211,0
415,25,0
428,140,0
429,251,0
430,251,0
431,253,0
432,107,0
438,37,0
439,251,0
440,251,0
441,211,0
442,46,0
456,190,0
457,251,0
458,251,0
459,253,0
460,128,0
461,5,0
466,37,0
467,251,0
468,251,0
469,51,0
484,115,0
485,251,0
486,251,0
487,253,0
488,188,0
489,20,0
492,32,0
493,109,0
494,129,0
495,251,0
496,173,0
497,103,0
512,217,0
513,251,0
514,251,0
515,201,0
516,30,0
520,73,0
521,251,0
522,251,0
523,251,0
524,71,0
540,166,0
541,253,0
542,253,0
543,255,0
544,149,0
545,73,0
546,150,0
547,253,0
548,255,0
549,253,0
550,253,0
551,143,0
568,140,0
569,251,0
570,251,0
571,253,0
572,251,0
573,251,0
574,251,0
575,251,0
576,253,0
577,251,0
578,230,0
579,61,0
596,190,0
597,251,0
598,251,0
599,253,0
600,251,0
601,251,0
602,251,0
603,251,0
604,242,0
605,215,0
606,55,0
624,21,0
625,189,0
626,251,0
627,253,0
628,251,0
629,251,0
630,251,0
631,173,0
632,103,0
653,31,0
654,200,0
655,253,0
656,251,0
657,96,0
658,71,0
659,20,0
128,87,0
129,208,0
130,249,0
155,27,0
156,212,0
157,254,0
158,195,0
182,118,0
183,225,0
184,254,0
185,254,0
186,232,0
187,147,0
188,46,0
209,115,0
210,248,0
211,254,0
212,254,0
213,254,0
214,254,0
215,254,0
216,230,0
217,148,0
218,12,0
236,18,0
237,250,0
238,254,0
239,245,0
240,226,0
241,254,0
242,254,0
243,254,0
244,254,0
245,254,0
246,148,0
263,92,0
264,205,0
265,254,0
266,250,0
267,101,0
268,20,0
269,194,0
270,254,0
271,254,0
272,254,0
273,254,0
274,229,0
275,53,0
291,152,0
292,254,0
293,254,0
294,94,0
297,14,0
298,124,0
299,187,0
300,254,0
301,254,0
302,254,0
303,213,0
318,95,0
319,252,0
320,254,0
321,206,0
322,15,0
327,3,0
328,6,0
329,51,0
330,231,0
331,254,0
332,94,0
345,50,0
346,246,0
347,254,0
348,254,0
349,20,0
358,200,0
359,254,0
360,96,0
372,21,0
373,184,0
374,254,0
375,254,0
376,147,0
377,2,0
386,200,0
387,254,0
388,96,0
400,177,0
401,254,0
402,254,0
403,218,0
404,33,0
413,16,0
414,211,0
415,254,0
416,96,0
427,11,0
428,219,0
429,254,0
430,251,0
431,92,0
441,84,0
442,254,0
443,232,0
444,44,0
455,101,0
456,254,0
457,254,0
458,141,0
469,162,0
470,254,0
471,231,0
472,42,0
483,235,0
484,254,0
485,227,0
486,42,0
496,51,0
497,238,0
498,254,0
499,213,0
511,235,0
512,254,0
513,199,0
524,160,0
525,254,0
526,229,0
527,52,0
539,235,0
540,254,0
541,199,0
549,10,0
550,84,0
551,150,0
552,253,0
553,254,0
554,147,0
567,235,0
568,254,0
569,213,0
570,20,0
575,17,0
576,63,0
577,158,0
578,254,0
579,254,0
580,254,0
581,155,0
582,12,0
595,122,0
596,248,0
597,254,0
598,204,0
599,98,0
600,42,0
601,177,0
602,180,0
603,200,0
604,254,0
605,254,0
606,253,0
607,213,0
608,82,0
609,10,0
624,203,0
625,254,0
626,254,0
627,254,0
628,254,0
629,254,0
630,254,0
631,254,0
632,251,0
633,219,0
634,94,0
652,35,0
653,221,0
654,254,0
655,254,0
656,254,0
657,254,0
658,254,0
659,217,0
660,95,0
129,105,0
130,255,0
131,219,0
132,67,0
133,67,0
134,52,0
156,20,0
157,181,0
158,253,0
159,253,0
160,253,0
161,253,0
162,226,0
163,69,0
182,4,0
183,129,0
184,206,0
185,253,0
186,253,0
187,253,0
188,253,0
189,253,0
190,253,0
191,130,0
209,9,0
210,141,0
211,253,0
212,253,0
213,253,0
214,253,0
215,253,0
216,253,0
217,253,0
218,253,0
219,166,0
220,20,0
237,134,0
238,253,0
239,253,0
240,253,0
241,253,0
242,253,0
243,253,0
244,253,0
245,253,0
246,253,0
247,253,0
248,65,0
262,2,0
263,83,0
264,207,0
265,246,0
266,253,0
267,253,0
268,253,0
269,253,0
270,253,0
271,249,0
272,234,0
273,247,0
274,253,0
275,253,0
276,65,0
290,83,0
291,253,0
292,253,0
293,253,0
294,253,0
295,253,0
296,189,0
297,253,0
298,253,0
299,205,0
301,179,0
302,253,0
303,253,0
304,65,0
317,85,0
318,234,0
319,253,0
320,253,0
321,253,0
322,253,0
323,157,0
324,26,0
325,164,0
326,151,0
327,83,0
329,179,0
330,253,0
331,253,0
332,65,0
344,65,0
345,237,0
346,253,0
347,253,0
348,253,0
349,67,0
350,36,0
351,14,0
353,15,0
354,12,0
357,179,0
358,253,0
359,253,0
360,65,0
371,4,0
372,141,0
373,253,0
374,253,0
375,221,0
376,158,0
377,23,0
385,179,0
386,253,0
387,253,0
388,65,0
399,129,0
400,253,0
401,253,0
402,241,0
403,62,0
412,72,0
413,226,0
414,253,0
415,175,0
416,24,0
426,119,0
427,247,0
428,253,0
429,253,0
430,206,0
439,8,0
440,134,0
441,253,0
442,253,0
443,130,0
454,132,0
455,253,0
456,253,0
457,194,0
458,27,0
467,125,0
468,253,0
469,253,0
470,253,0
471,130,0
481,45,0
482,213,0
483,253,0
484,253,0
485,112,0
493,70,0
494,170,0
495,247,0
496,253,0
497,253,0
498,89,0
499,43,0
509,67,0
510,253,0
511,253,0
512,196,0
513,55,0
514,9,0
520,8,0
521,131,0
522,253,0
523,253,0
524,253,0
525,86,0
526,1,0
537,67,0
538,253,0
539,253,0
540,253,0
541,253,0
542,129,0
546,43,0
547,114,0
548,134,0
549,253,0
550,253,0
551,231,0
552,139,0
553,41,0
565,20,0
566,167,0
567,253,0
568,253,0
569,253,0
570,247,0
571,179,0
572,179,0
573,179,0
574,206,0
575,253,0
576,253,0
577,253,0
578,253,0
579,72,0
594,103,0
595,240,0
596,253,0
597,253,0
598,253,0
599,253,0
600,253,0
601,253,0
602,253,0
603,253,0
604,244,0
605,119,0
606,8,0
607,1,0
623,107,0
624,253,0
625,253,0
626,253,0
627,253,0
628,253,0
629,253,0
630,253,0
631,175,0
632,111,0
651,3,0
652,121,0
653,253,0
654,253,0
655,253,0
656,253,0
657,253,0
658,182,0
659,24,0
130,64,0
131,253,0
132,255,0
133,63,0
157,96,0
158,205,0
159,251,0
160,253,0
161,205,0
162,111,0
163,4,0
184,96,0
185,189,0
186,251,0
187,251,0
188,253,0
189,251,0
190,251,0
191,31,0
209,16,0
210,64,0
211,223,0
212,244,0
213,251,0
214,251,0
215,211,0
216,213,0
217,251,0
218,251,0
219,31,0
236,80,0
237,181,0
238,251,0
239,253,0
240,251,0
241,251,0
242,251,0
243,94,0
244,96,0
245,251,0
246,251,0
247,31,0
263,92,0
264,253,0
265,253,0
266,253,0
267,255,0
268,253,0
269,253,0
270,253,0
271,95,0
272,96,0
273,253,0
274,253,0
275,31,0
290,92,0
291,236,0
292,251,0
293,243,0
294,220,0
295,233,0
296,251,0
297,251,0
298,243,0
299,82,0
300,96,0
301,251,0
302,251,0
303,31,0
317,80,0
318,253,0
319,251,0
320,251,0
321,188,0
323,96,0
324,251,0
325,251,0
326,109,0
328,96,0
329,251,0
330,251,0
331,31,0
344,96,0
345,240,0
346,253,0
347,243,0
348,188,0
349,42,0
351,96,0
352,204,0
353,109,0
354,4,0
356,12,0
357,197,0
358,251,0
359,31,0
372,221,0
373,251,0
374,253,0
375,121,0
379,36,0
380,23,0
385,190,0
386,251,0
387,31,0
399,48,0
400,234,0
401,253,0
413,191,0
414,253,0
415,31,0
426,44,0
427,221,0
428,251,0
429,251,0
440,12,0
441,197,0
442,251,0
443,31,0
454,190,0
455,251,0
456,251,0
457,251,0
468,96,0
469,251,0
470,251,0
471,31,0
482,190,0
483,251,0
484,251,0
485,113,0
495,40,0
496,234,0
497,251,0
498,219,0
499,23,0
510,190,0
511,251,0
512,251,0
513,94,0
522,40,0
523,217,0
524,253,0
525,231,0
526,47,0
538,191,0
539,253,0
540,253,0
541,253,0
548,12,0
549,174,0
550,253,0
551,253,0
552,219,0
553,39,0
566,67,0
567,236,0
568,251,0
569,251,0
570,191,0
571,190,0
572,111,0
573,72,0
574,190,0
575,191,0
576,197,0
577,251,0
578,243,0
579,121,0
580,39,0
595,63,0
596,236,0
597,251,0
598,253,0
599,251,0
600,251,0
601,251,0
602,251,0
603,253,0
604,251,0
605,188,0
606,94,0
624,27,0
625,129,0
626,253,0
627,251,0
628,251,0
629,251,0
630,251,0
631,229,0
632,168,0
633,15,0
654,95,0
655,212,0
656,251,0
657,211,0
658,94,0
659,59,0
151,23,0
152,167,0
153,208,0
154,254,0
155,255,0
156,129,0
157,19,0
179,151,0
180,253,0
181,253,0
182,253,0
183,253,0
184,253,0
185,209,0
186,26,0
207,181,0
208,253,0
209,253,0
210,253,0
211,227,0
212,181,0
213,253,0
214,207,0
215,22,0
235,227,0
236,253,0
237,253,0
238,253,0
239,92,0
240,38,0
241,226,0
242,253,0
243,129,0
244,2,0
263,193,0
264,253,0
265,253,0
266,248,0
267,62,0
269,50,0
270,253,0
271,253,0
272,45,0
291,170,0
292,253,0
293,253,0
294,135,0
297,12,0
298,208,0
299,253,0
300,119,0
318,16,0
319,232,0
320,253,0
321,253,0
322,21,0
326,60,0
327,253,0
328,185,0
346,164,0
347,253,0
348,253,0
349,224,0
350,14,0
354,14,0
355,217,0
356,247,0
357,62,0
373,3,0
374,193,0
375,253,0
376,250,0
377,64,0
383,199,0
384,253,0
385,179,0
401,67,0
402,253,0
403,253,0
404,205,0
411,98,0
412,253,0
413,188,0
429,151,0
430,253,0
431,245,0
432,43,0
439,63,0
440,250,0
441,188,0
457,151,0
458,253,0
459,243,0
468,244,0
469,222,0
470,22,0
485,151,0
486,253,0
487,217,0
496,244,0
497,253,0
498,115,0
512,3,0
513,195,0
514,253,0
515,134,0
524,156,0
525,253,0
526,150,0
541,140,0
542,253,0
543,134,0
552,239,0
553,253,0
554,139,0
569,44,0
570,253,0
571,134,0
579,53,0
580,246,0
581,237,0
582,32,0
597,8,0
598,200,0
599,229,0
600,40,0
606,25,0
607,225,0
608,253,0
609,188,0
626,120,0
627,250,0
628,230,0
629,58,0
630,17,0
632,12,0
633,42,0
634,213,0
635,253,0
636,238,0
637,84,0
655,151,0
656,253,0
657,253,0
658,217,0
659,179,0
660,206,0
661,253,0
662,253,0
663,196,0
664,118,0
683,18,0
684,58,0
685,145,0
686,152,0
687,253,0
688,214,0
689,145,0
690,74,0
691,7,0
152,56,0
153,105,0
154,220,0
155,254,0
156,63,0
178,18,0
179,166,0
180,233,0
181,253,0
182,253,0
183,253,0
184,236,0
185,209,0
186,209,0
187,209,0
188,77,0
189,18,0
206,84,0
207,253,0
208,253,0
209,253,0
210,253,0
211,253,0
212,254,0
213,253,0
214,253,0
215,253,0
216,253,0
217,172,0
218,8,0
233,57,0
234,238,0
235,253,0
236,253,0
237,253,0
238,253,0
239,253,0
240,254,0
241,253,0
242,253,0
243,253,0
244,253,0
245,253,0
246,119,0
260,14,0
261,238,0
262,253,0
263,253,0
264,253,0
265,253,0
266,253,0
267,253,0
268,179,0
269,196,0
270,253,0
271,253,0
272,253,0
273,253,0
274,238,0
275,12,0
288,33,0
289,253,0
290,253,0
291,253,0
292,253,0
293,253,0
294,248,0
295,134,0
297,18,0
298,83,0
299,237,0
300,253,0
301,253,0
302,253,0
303,14,0
316,164,0
317,253,0
318,253,0
319,253,0
320,253,0
321,253,0
322,128,0
327,57,0
328,119,0
329,214,0
330,253,0
331,94,0
343,57,0
344,248,0
345,253,0
346,253,0
347,253,0
348,126,0
349,14,0
350,4,0
357,179,0
358,253,0
359,248,0
360,56,0
371,175,0
372,253,0
373,253,0
374,240,0
375,190,0
376,28,0
385,179,0
386,253,0
387,253,0
388,173,0
399,209,0
400,253,0
401,253,0
402,178,0
413,92,0
414,253,0
415,253,0
416,208,0
427,211,0
428,254,0
429,254,0
430,179,0
442,135,0
443,255,0
444,209,0
455,209,0
456,253,0
457,253,0
458,90,0
470,134,0
471,253,0
472,208,0
483,209,0
484,253,0
485,253,0
486,178,0
497,2,0
498,142,0
499,253,0
500,208,0
511,209,0
512,253,0
513,253,0
514,214,0
515,35,0
525,30,0
526,253,0
527,253,0
528,208,0
539,165,0
540,253,0
541,253,0
542,253,0
543,215,0
544,36,0
553,163,0
554,253,0
555,253,0
556,164,0
567,18,0
568,172,0
569,253,0
570,253,0
571,253,0
572,214,0
573,127,0
574,7,0
580,72,0
581,232,0
582,253,0
583,171,0
584,17,0
596,8,0
597,182,0
598,253,0
599,253,0
600,253,0
601,253,0
602,162,0
603,56,0
607,64,0
608,240,0
609,253,0
610,253,0
611,14,0
625,7,0
626,173,0
627,253,0
628,253,0
629,253,0
630,253,0
631,245,0
632,241,0
633,239,0
634,239,0
635,246,0
636,253,0
637,225,0
638,14,0
639,1,0
654,18,0
655,59,0
656,138,0
657,224,0
658,253,0
659,253,0
660,254,0
661,253,0
662,253,0
663,253,0
664,240,0
665,96,0
685,37,0
686,104,0
687,192,0
688,255,0
689,253,0
690,253,0
691,182,0
692,73,0
153,12,0
154,136,0
155,254,0
156,255,0
157,195,0
158,115,0
159,3,0
180,6,0
181,175,0
182,253,0
183,196,0
184,160,0
185,252,0
186,253,0
187,15,0
208,130,0
209,253,0
210,234,0
211,4,0
213,27,0
214,205,0
215,232,0
216,40,0
235,54,0
236,246,0
237,253,0
238,68,0
242,24,0
243,243,0
244,106,0
262,3,0
263,134,0
264,235,0
265,99,0
266,4,0
271,132,0
272,247,0
273,77,0
290,56,0
291,253,0
292,62,0
299,23,0
300,233,0
301,129,0
318,179,0
319,183,0
320,4,0
328,182,0
329,220,0
345,21,0
346,232,0
347,59,0
356,95,0
357,232,0
358,21,0
373,128,0
374,183,0
385,228,0
386,85,0
401,187,0
402,124,0
413,228,0
414,186,0
429,187,0
430,124,0
441,228,0
442,104,0
457,187,0
458,124,0
469,169,0
470,184,0
485,187,0
486,124,0
497,203,0
498,150,0
513,187,0
514,124,0
524,10,0
525,220,0
526,39,0
541,187,0
542,155,0
552,111,0
553,201,0
569,129,0
570,228,0
571,7,0
579,12,0
580,181,0
581,76,0
598,234,0
599,166,0
600,9,0
606,24,0
607,209,0
608,106,0
626,139,0
627,250,0
628,167,0
629,11,0
630,2,0
631,11,0
632,11,0
633,129,0
634,227,0
635,90,0
636,11,0
655,95,0
656,247,0
657,253,0
658,178,0
659,253,0
660,253,0
661,244,0
662,86,0
684,47,0
685,175,0
686,253,0
687,232,0
688,149,0
689,40,0
153,203,0
154,254,0
155,252,0
156,252,0
157,252,0
158,214,0
159,51,0
160,20,0
180,62,0
181,221,0
182,252,0
183,250,0
184,250,0
185,250,0
186,252,0
187,250,0
188,160,0
189,20,0
207,62,0
208,211,0
209,250,0
210,252,0
211,250,0
212,250,0
213,250,0
214,252,0
215,250,0
216,250,0
217,49,0
234,41,0
235,221,0
236,250,0
237,250,0
238,252,0
239,250,0
240,250,0
241,250,0
242,252,0
243,250,0
244,128,0
245,10,0
262,254,0
263,252,0
264,252,0
265,252,0
266,254,0
267,252,0
268,252,0
269,252,0
270,254,0
271,252,0
272,252,0
273,90,0
290,150,0
291,190,0
292,250,0
293,250,0
294,252,0
295,250,0
296,250,0
297,169,0
298,171,0
299,250,0
300,250,0
301,250,0
302,82,0
318,31,0
319,191,0
320,250,0
321,250,0
322,252,0
323,189,0
324,100,0
325,20,0
326,172,0
327,250,0
328,250,0
329,250,0
330,80,0
346,213,0
347,250,0
348,250,0
349,250,0
350,212,0
351,29,0
354,252,0
355,250,0
356,250,0
357,250,0
374,92,0
375,252,0
376,252,0
377,252,0
382,51,0
383,252,0
384,252,0
385,252,0
386,203,0
401,82,0
402,252,0
403,250,0
404,250,0
405,169,0
410,132,0
411,250,0
412,250,0
413,250,0
414,121,0
428,92,0
429,231,0
430,252,0
431,250,0
432,159,0
433,20,0
438,252,0
439,250,0
440,250,0
441,250,0
456,30,0
457,211,0
458,252,0
459,250,0
460,221,0
461,40,0
466,90,0
467,250,0
468,250,0
469,250,0
470,163,0
484,31,0
485,213,0
486,254,0
487,232,0
488,80,0
494,92,0
495,252,0
496,252,0
497,212,0
498,163,0
512,151,0
513,250,0
514,252,0
515,149,0
522,252,0
523,250,0
524,250,0
525,49,0
540,60,0
541,221,0
542,252,0
543,210,0
544,60,0
550,252,0
551,250,0
552,250,0
553,49,0
569,202,0
570,252,0
571,250,0
572,221,0
573,40,0
576,123,0
577,202,0
578,252,0
579,250,0
580,250,0
581,49,0
596,123,0
597,243,0
598,255,0
599,252,0
600,252,0
601,252,0
602,254,0
603,252,0
604,252,0
605,252,0
606,254,0
607,252,0
608,100,0
625,121,0
626,171,0
627,250,0
628,250,0
629,250,0
630,252,0
631,250,0
632,250,0
633,250,0
634,252,0
635,250,0
636,100,0
654,20,0
655,160,0
656,250,0
657,250,0
658,252,0
659,250,0
660,250,0
661,250,0
662,252,0
663,189,0
664,40,0
683,20,0
684,170,0
685,250,0
686,252,0
687,250,0
688,128,0
689,49,0
690,49,0
691,29,0
153,92,0
154,191,0
155,178,0
156,253,0
157,242,0
158,141,0
159,104,0
160,29,0
180,26,0
181,253,0
182,252,0
183,252,0
184,252,0
185,253,0
186,252,0
187,252,0
188,252,0
189,108,0
190,19,0
206,57,0
207,123,0
208,222,0
209,253,0
210,252,0
211,252,0
212,252,0
213,168,0
214,224,0
215,252,0
216,252,0
217,253,0
218,84,0
233,176,0
234,243,0
235,252,0
236,252,0
237,253,0
238,252,0
239,252,0
240,252,0
242,19,0
243,153,0
244,252,0
245,253,0
246,209,0
247,25,0
259,10,0
260,128,0
261,255,0
262,253,0
263,244,0
264,225,0
265,114,0
266,194,0
267,253,0
268,178,0
272,163,0
273,254,0
274,253,0
275,168,0
287,85,0
288,252,0
289,253,0
290,189,0
291,56,0
294,19,0
295,133,0
296,9,0
300,38,0
301,253,0
302,252,0
303,168,0
314,19,0
315,191,0
316,252,0
317,194,0
318,19,0
329,253,0
330,252,0
331,234,0
332,22,0
342,107,0
343,252,0
344,252,0
345,13,0
357,253,0
358,252,0
359,252,0
360,128,0
370,169,0
371,253,0
372,241,0
385,141,0
386,253,0
387,253,0
388,140,0
397,19,0
398,225,0
399,252,0
400,139,0
413,66,0
414,252,0
415,252,0
416,139,0
425,29,0
426,252,0
427,252,0
428,52,0
441,29,0
442,252,0
443,252,0
444,139,0
453,29,0
454,252,0
455,252,0
456,28,0
469,29,0
470,252,0
471,252,0
472,40,0
481,141,0
482,253,0
483,253,0
484,91,0
497,154,0
498,253,0
499,168,0
509,66,0
510,252,0
511,252,0
512,165,0
525,253,0
526,252,0
527,168,0
537,19,0
538,224,0
539,252,0
540,252,0
552,126,0
553,253,0
554,252,0
555,80,0
566,169,0
567,252,0
568,252,0
569,214,0
570,38,0
579,126,0
580,249,0
581,253,0
582,151,0
583,6,0
594,26,0
595,223,0
596,253,0
597,254,0
598,253,0
599,128,0
600,29,0
604,13,0
605,41,0
606,216,0
607,253,0
608,253,0
609,226,0
610,38,0
623,122,0
624,252,0
625,253,0
626,252,0
627,252,0
628,252,0
629,169,0
630,169,0
631,169,0
632,206,0
633,253,0
634,252,0
635,252,0
636,202,0
637,38,0
651,19,0
652,56,0
653,168,0
654,224,0
655,252,0
656,252,0
657,253,0
658,252,0
659,252,0
660,252,0
661,253,0
662,233,0
663,130,0
664,6,0
682,94,0
683,139,0
684,190,0
685,153,0
686,252,0
687,164,0
688,139,0
689,28,0
690,22,0
154,28,0
155,195,0
156,254,0
157,254,0
158,254,0
159,254,0
160,254,0
161,255,0
162,61,0
181,6,0
182,191,0
183,253,0
184,253,0
185,253,0
186,253,0
187,253,0
188,253,0
189,253,0
190,60,0
208,26,0
209,190,0
210,253,0
211,253,0
212,253,0
213,253,0
214,240,0
215,191,0
216,242,0
217,253,0
218,60,0
235,15,0
236,187,0
237,253,0
238,253,0
239,253,0
240,253,0
241,253,0
242,200,0
244,211,0
245,253,0
246,60,0
262,22,0
263,66,0
264,253,0
265,253,0
266,253,0
267,253,0
268,241,0
269,209,0
270,44,0
271,23,0
272,218,0
273,253,0
274,60,0
290,124,0
291,253,0
292,253,0
293,253,0
294,253,0
295,253,0
296,182,0
299,131,0
300,253,0
301,253,0
302,60,0
318,38,0
319,217,0
320,253,0
321,253,0
322,244,0
323,111,0
324,37,0
327,131,0
328,253,0
329,253,0
330,60,0
346,124,0
347,253,0
348,253,0
349,253,0
350,165,0
354,22,0
355,182,0
356,253,0
357,253,0
358,60,0
374,124,0
375,253,0
376,253,0
377,240,0
378,45,0
382,53,0
383,253,0
384,253,0
385,249,0
386,58,0
401,16,0
402,168,0
403,253,0
404,216,0
405,45,0
410,53,0
411,253,0
412,253,0
413,138,0
429,159,0
430,253,0
431,253,0
432,147,0
438,53,0
439,253,0
440,253,0
441,138,0
456,136,0
457,252,0
458,253,0
459,227,0
460,5,0
466,53,0
467,253,0
468,243,0
469,101,0
484,140,0
485,253,0
486,253,0
487,124,0
494,156,0
495,253,0
496,218,0
511,13,0
512,164,0
513,253,0
514,142,0
515,5,0
521,32,0
522,233,0
523,253,0
524,218,0
539,62,0
540,253,0
541,253,0
542,130,0
548,37,0
549,203,0
550,253,0
551,253,0
552,127,0
567,62,0
568,253,0
569,253,0
570,147,0
571,36,0
572,36,0
573,36,0
574,36,0
575,151,0
576,222,0
577,253,0
578,245,0
579,127,0
580,8,0
595,34,0
596,202,0
597,253,0
598,253,0
599,253,0
600,253,0
601,253,0
602,253,0
603,253,0
604,253,0
605,253,0
606,200,0
624,140,0
625,253,0
626,253,0
627,253,0
628,253,0
629,253,0
630,253,0
631,253,0
632,248,0
633,235,0
634,65,0
652,87,0
653,173,0
654,253,0
655,253,0
656,253,0
657,253,0
658,253,0
659,253,0
660,182,0
681,14,0
682,78,0
683,96,0
684,253,0
685,253,0
686,253,0
687,137,0
688,56,0
154,32,0
155,134,0
156,218,0
157,254,0
158,254,0
159,254,0
160,217,0
161,84,0
176,44,0
177,208,0
178,215,0
179,156,0
180,35,0
181,119,0
182,236,0
183,246,0
184,136,0
185,91,0
186,69,0
187,151,0
188,249,0
189,246,0
190,78,0
203,44,0
204,230,0
205,254,0
206,254,0
207,254,0
208,254,0
209,254,0
210,196,0
211,48,0
216,60,0
217,224,0
218,210,0
219,24,0
231,118,0
232,254,0
233,202,0
234,19,0
235,201,0
236,254,0
237,181,0
238,9,0
245,35,0
246,233,0
247,168,0
259,193,0
260,223,0
261,34,0
263,59,0
264,163,0
265,236,0
266,15,0
274,140,0
275,205,0
276,8,0
286,60,0
287,254,0
288,176,0
293,38,0
302,54,0
303,237,0
304,80,0
314,59,0
315,254,0
316,93,0
331,131,0
332,200,0
342,59,0
343,240,0
344,24,0
359,79,0
360,214,0
370,59,0
371,234,0
387,67,0
388,248,0
389,54,0
398,59,0
399,234,0
416,235,0
417,58,0
426,60,0
427,235,0
443,79,0
444,255,0
445,59,0
454,59,0
455,251,0
456,66,0
471,79,0
472,250,0
473,54,0
482,59,0
483,254,0
484,108,0
499,146,0
500,214,0
510,5,0
511,203,0
512,187,0
513,3,0
526,4,0
527,188,0
528,199,0
539,118,0
540,254,0
541,57,0
554,96,0
555,254,0
556,117,0
567,16,0
568,237,0
569,224,0
570,14,0
581,14,0
582,187,0
583,206,0
584,8,0
596,88,0
597,252,0
598,186,0
599,16,0
608,16,0
609,187,0
610,252,0
611,125,0
625,100,0
626,254,0
627,237,0
628,94,0
629,24,0
635,13,0
636,214,0
637,254,0
638,166,0
653,3,0
654,57,0
655,215,0
656,248,0
657,241,0
658,235,0
659,197,0
660,137,0
661,137,0
662,137,0
663,231,0
664,238,0
665,155,0
666,25,0
684,57,0
685,155,0
686,246,0
687,254,0
688,254,0
689,254,0
690,254,0
691,147,0
692,36,0
154,46,0
155,105,0
156,254,0
157,254,0
158,254,0
159,254,0
160,255,0
161,239,0
162,41,0
180,37,0
181,118,0
182,222,0
183,254,0
184,253,0
185,253,0
186,253,0
187,253,0
188,253,0
189,253,0
190,211,0
191,54,0
207,14,0
208,200,0
209,253,0
210,253,0
211,254,0
212,253,0
213,253,0
214,253,0
215,253,0
216,253,0
217,253,0
218,253,0
219,116,0
233,16,0
234,160,0
235,236,0
236,253,0
237,253,0
238,253,0
239,254,0
240,253,0
241,253,0
242,246,0
243,229,0
244,253,0
245,253,0
246,253,0
247,116,0
261,99,0
262,253,0
263,253,0
264,253,0
265,253,0
266,253,0
267,254,0
268,253,0
269,253,0
270,213,0
271,99,0
272,253,0
273,253,0
274,253,0
275,116,0
288,25,0
289,194,0
290,253,0
291,253,0
292,253,0
293,253,0
294,131,0
295,97,0
296,169,0
297,253,0
298,93,0
299,99,0
300,253,0
301,253,0
302,253,0
303,116,0
316,206,0
317,253,0
318,253,0
319,251,0
320,233,0
321,127,0
322,9,0
324,18,0
325,38,0
326,3,0
327,15,0
328,171,0
329,253,0
330,253,0
331,116,0
343,55,0
344,240,0
345,253,0
346,253,0
347,233,0
355,31,0
356,186,0
357,253,0
358,253,0
359,116,0
371,176,0
372,253,0
373,253,0
374,253,0
375,127,0
383,99,0
384,253,0
385,253,0
386,253,0
387,116,0
399,176,0
400,253,0
401,253,0
402,131,0
403,9,0
411,99,0
412,253,0
413,253,0
414,253,0
415,116,0
426,119,0
427,254,0
428,254,0
429,232,0
430,75,0
440,158,0
441,254,0
442,254,0
443,117,0
454,118,0
455,253,0
456,253,0
457,154,0
468,156,0
469,253,0
470,253,0
471,116,0
482,118,0
483,253,0
484,253,0
485,154,0
496,156,0
497,253,0
498,253,0
499,116,0
509,46,0
510,222,0
511,253,0
512,253,0
513,154,0
522,7,0
523,116,0
524,246,0
525,253,0
526,180,0
527,9,0
538,118,0
539,253,0
540,253,0
541,154,0
550,116,0
551,253,0
552,253,0
553,253,0
554,174,0
566,118,0
567,253,0
568,253,0
569,154,0
577,110,0
578,246,0
579,253,0
580,253,0
581,240,0
582,67,0
594,118,0
595,253,0
596,253,0
597,238,0
598,215,0
599,49,0
600,20,0
601,20,0
602,20,0
603,66,0
604,215,0
605,241,0
606,253,0
607,245,0
608,233,0
609,64,0
622,82,0
623,229,0
624,253,0
625,253,0
626,253,0
627,253,0
628,253,0
629,253,0
630,253,0
631,254,0
632,253,0
633,253,0
634,240,0
635,107,0
651,176,0
652,253,0
653,253,0
654,253,0
655,253,0
656,253,0
657,253,0
658,253,0
659,254,0
660,253,0
661,253,0
662,108,0
679,40,0
680,239,0
681,253,0
682,253,0
683,253,0
684,253,0
685,253,0
686,253,0
687,254,0
688,161,0
689,57,0
690,4,0
155,21,0
156,176,0
157,253,0
158,253,0
159,124,0
182,105,0
183,176,0
184,251,0
185,251,0
186,251,0
187,251,0
188,105,0
208,58,0
209,217,0
210,241,0
211,253,0
212,251,0
213,251,0
214,251,0
215,251,0
216,243,0
217,113,0
218,5,0
235,63,0
236,231,0
237,251,0
238,251,0
239,253,0
240,251,0
241,251,0
242,251,0
243,251,0
244,253,0
245,251,0
246,113,0
263,144,0
264,251,0
265,251,0
266,251,0
267,253,0
268,251,0
269,251,0
270,251,0
271,251,0
272,253,0
273,251,0
274,215,0
290,125,0
291,253,0
292,253,0
293,253,0
294,253,0
295,255,0
296,253,0
297,253,0
298,253,0
299,253,0
300,255,0
301,253,0
302,227,0
303,42,0
318,253,0
319,251,0
320,251,0
321,251,0
322,251,0
323,253,0
324,251,0
325,251,0
326,251,0
327,251,0
328,253,0
329,251,0
330,251,0
331,142,0
345,27,0
346,253,0
347,251,0
348,251,0
349,235,0
350,241,0
351,253,0
352,251,0
353,246,0
354,137,0
355,35,0
356,98,0
357,251,0
358,251,0
359,236,0
360,61,0
372,47,0
373,211,0
374,253,0
375,251,0
376,235,0
377,82,0
378,103,0
379,253,0
380,251,0
381,137,0
384,73,0
385,251,0
386,251,0
387,251,0
388,71,0
399,27,0
400,211,0
401,251,0
402,253,0
403,251,0
404,86,0
407,72,0
408,71,0
409,10,0
412,73,0
413,251,0
414,251,0
415,173,0
416,20,0
427,89,0
428,253,0
429,253,0
430,255,0
431,253,0
432,35,0
440,73,0
441,253,0
442,253,0
443,253,0
444,72,0
454,84,0
455,236,0
456,251,0
457,251,0
458,253,0
459,251,0
460,138,0
468,73,0
469,251,0
470,251,0
471,251,0
472,71,0
481,63,0
482,236,0
483,251,0
484,251,0
485,251,0
486,227,0
487,251,0
488,246,0
489,138,0
490,11,0
494,16,0
495,37,0
496,228,0
497,251,0
498,246,0
499,137,0
500,10,0
509,73,0
510,251,0
511,251,0
512,251,0
513,173,0
514,42,0
515,142,0
516,142,0
517,142,0
518,41,0
522,109,0
523,251,0
524,253,0
525,251,0
526,137,0
537,73,0
538,251,0
539,251,0
540,173,0
541,20,0
549,27,0
550,211,0
551,251,0
552,253,0
553,147,0
554,10,0
565,73,0
566,253,0
567,253,0
568,143,0
575,21,0
576,176,0
577,253,0
578,253,0
579,253,0
593,73,0
594,251,0
595,251,0
596,205,0
597,144,0
603,176,0
604,251,0
605,251,0
606,188,0
607,107,0
621,62,0
622,236,0
623,251,0
624,251,0
625,251,0
626,218,0
627,217,0
628,217,0
629,217,0
630,217,0
631,253,0
632,230,0
633,189,0
634,20,0
650,83,0
651,158,0
652,251,0
653,251,0
654,253,0
655,251,0
656,251,0
657,251,0
658,251,0
659,253,0
660,107,0
679,37,0
680,251,0
681,251,0
682,253,0
683,251,0
684,251,0
685,251,0
686,122,0
687,72,0
688,30,0
155,53,0
156,255,0
157,253,0
158,253,0
159,253,0
160,124,0
183,180,0
184,253,0
185,251,0
186,251,0
187,251,0
188,251,0
189,145,0
190,62,0
209,32,0
210,217,0
211,241,0
212,253,0
213,251,0
214,251,0
215,251,0
216,251,0
217,253,0
218,107,0
237,37,0
238,251,0
239,251,0
240,253,0
241,251,0
242,251,0
243,251,0
244,251,0
245,253,0
246,107,0
265,166,0
266,251,0
267,251,0
268,253,0
269,251,0
270,96,0
271,148,0
272,251,0
273,253,0
274,107,0
291,73,0
292,253,0
293,253,0
294,253,0
295,253,0
296,130,0
299,110,0
300,253,0
301,255,0
302,108,0
319,73,0
320,251,0
321,251,0
322,251,0
323,251,0
327,109,0
328,251,0
329,253,0
330,107,0
347,202,0
348,251,0
349,251,0
350,251,0
351,225,0
354,6,0
355,129,0
356,251,0
357,253,0
358,107,0
375,150,0
376,251,0
377,251,0
378,251,0
379,71,0
382,115,0
383,251,0
384,251,0
385,253,0
386,107,0
403,253,0
404,251,0
405,251,0
406,173,0
407,20,0
410,217,0
411,251,0
412,251,0
413,253,0
414,107,0
430,182,0
431,255,0
432,253,0
433,216,0
438,218,0
439,253,0
440,253,0
441,182,0
457,63,0
458,221,0
459,253,0
460,251,0
461,215,0
465,84,0
466,236,0
467,251,0
468,251,0
469,77,0
485,109,0
486,251,0
487,253,0
488,251,0
489,215,0
492,11,0
493,160,0
494,251,0
495,251,0
496,96,0
513,109,0
514,251,0
515,253,0
516,251,0
517,137,0
520,150,0
521,251,0
522,251,0
523,251,0
524,71,0
541,109,0
542,251,0
543,253,0
544,251,0
545,35,0
547,130,0
548,253,0
549,251,0
550,251,0
551,173,0
552,20,0
569,110,0
570,253,0
571,255,0
572,253,0
573,98,0
574,150,0
575,253,0
576,255,0
577,253,0
578,164,0
597,109,0
598,251,0
599,253,0
600,251,0
601,251,0
602,251,0
603,251,0
604,253,0
605,251,0
606,35,0
625,93,0
626,241,0
627,253,0
628,251,0
629,251,0
630,251,0
631,251,0
632,216,0
633,112,0
634,5,0
654,103,0
655,253,0
656,251,0
657,251,0
658,251,0
659,251,0
683,124,0
684,251,0
685,225,0
686,71,0
687,71,0
155,62,0
156,91,0
157,213,0
158,255,0
159,228,0
160,91,0
161,12,0
182,70,0
183,230,0
184,253,0
185,253,0
186,253,0
187,253,0
188,253,0
189,152,0
190,7,0
210,246,0
211,253,0
212,253,0
213,253,0
214,253,0
215,253,0
216,253,0
217,253,0
218,106,0
237,21,0
238,247,0
239,253,0
240,253,0
241,253,0
242,253,0
243,253,0
244,253,0
245,208,0
246,24,0
265,156,0
266,253,0
267,253,0
268,253,0
269,253,0
270,253,0
271,253,0
272,253,0
273,195,0
292,88,0
293,238,0
294,253,0
295,253,0
296,253,0
297,221,0
298,253,0
299,253,0
300,253,0
301,195,0
320,230,0
321,253,0
322,253,0
323,253,0
324,198,0
325,40,0
326,177,0
327,253,0
328,253,0
329,195,0
346,56,0
347,156,0
348,251,0
349,253,0
350,189,0
351,182,0
352,15,0
354,86,0
355,240,0
356,253,0
357,210,0
358,28,0
374,213,0
375,253,0
376,253,0
377,156,0
378,3,0
383,205,0
384,253,0
385,253,0
386,106,0
401,121,0
402,252,0
403,253,0
404,135,0
405,3,0
411,46,0
412,253,0
413,253,0
414,106,0
428,28,0
429,212,0
430,253,0
431,248,0
432,23,0
439,42,0
440,253,0
441,253,0
442,106,0
456,197,0
457,253,0
458,234,0
459,70,0
467,42,0
468,253,0
469,253,0
470,106,0
483,11,0
484,202,0
485,253,0
486,187,0
495,58,0
496,253,0
497,210,0
498,27,0
511,107,0
512,253,0
513,253,0
514,40,0
522,53,0
523,227,0
524,253,0
525,195,0
539,107,0
540,253,0
541,253,0
542,40,0
549,47,0
550,227,0
551,253,0
552,231,0
553,58,0
567,107,0
568,253,0
569,253,0
570,40,0
575,5,0
576,131,0
577,222,0
578,253,0
579,231,0
580,59,0
595,14,0
596,204,0
597,253,0
598,226,0
599,222,0
600,73,0
601,58,0
602,58,0
603,170,0
604,253,0
605,253,0
606,227,0
607,58,0
624,197,0
625,253,0
626,253,0
627,253,0
628,253,0
629,253,0
630,253,0
631,253,0
632,253,0
633,238,0
634,58,0
652,33,0
653,179,0
654,241,0
655,253,0
656,253,0
657,253,0
658,253,0
659,250,0
660,116,0
661,14,0
682,75,0
683,179,0
684,253,0
685,151,0
686,89,0
687,86,0
156,13,0
157,6,0
181,10,0
182,77,0
183,145,0
184,253,0
185,190,0
186,67,0
207,11,0
208,77,0
209,193,0
210,252,0
211,252,0
212,253,0
213,252,0
214,238,0
215,157,0
216,71,0
217,26,0
233,10,0
234,78,0
235,193,0
236,252,0
237,252,0
238,252,0
239,252,0
240,253,0
241,252,0
242,252,0
243,252,0
244,252,0
245,228,0
246,128,0
247,49,0
248,5,0
259,6,0
260,78,0
261,194,0
262,252,0
263,252,0
264,252,0
265,252,0
266,252,0
267,252,0
268,253,0
269,217,0
270,192,0
271,232,0
272,252,0
273,252,0
274,252,0
275,252,0
276,135,0
277,3,0
286,4,0
287,147,0
288,252,0
289,252,0
290,252,0
291,252,0
292,252,0
293,252,0
294,252,0
295,252,0
296,175,0
297,26,0
299,40,0
300,145,0
301,235,0
302,252,0
303,252,0
304,252,0
305,104,0
314,208,0
315,252,0
316,252,0
317,252,0
318,252,0
319,252,0
320,252,0
321,133,0
322,48,0
323,48,0
329,71,0
330,236,0
331,252,0
332,252,0
333,230,0
342,253,0
343,185,0
344,170,0
345,252,0
346,252,0
347,252,0
348,173,0
349,22,0
358,102,0
359,252,0
360,252,0
361,252,0
370,24,0
371,141,0
372,243,0
373,252,0
374,252,0
375,186,0
376,5,0
386,8,0
387,220,0
388,252,0
389,252,0
398,70,0
399,247,0
400,252,0
401,252,0
402,165,0
403,37,0
414,81,0
415,251,0
416,252,0
417,194,0
426,255,0
427,253,0
428,253,0
429,251,0
430,69,0
441,39,0
442,231,0
443,253,0
444,253,0
445,127,0
454,253,0
455,252,0
456,249,0
457,127,0
468,6,0
469,147,0
470,252,0
471,252,0
472,190,0
473,5,0
482,253,0
483,252,0
484,216,0
495,7,0
496,145,0
497,252,0
498,252,0
499,252,0
500,69,0
510,253,0
511,252,0
512,223,0
513,16,0
522,25,0
523,185,0
524,252,0
525,252,0
526,252,0
527,107,0
528,8,0
538,167,0
539,252,0
540,252,0
541,181,0
542,18,0
549,105,0
550,191,0
551,252,0
552,252,0
553,235,0
554,151,0
555,10,0
566,37,0
567,221,0
568,252,0
569,252,0
570,210,0
571,193,0
572,96,0
573,73,0
574,130,0
575,188,0
576,194,0
577,227,0
578,252,0
579,252,0
580,235,0
581,128,0
595,97,0
596,220,0
597,252,0
598,252,0
599,252,0
600,252,0
601,252,0
602,252,0
603,252,0
604,253,0
605,252,0
606,252,0
607,236,0
608,70,0
624,40,0
625,174,0
626,252,0
627,252,0
628,252,0
629,252,0
630,252,0
631,252,0
632,253,0
633,197,0
634,138,0
635,29,0
653,5,0
654,23,0
655,116,0
656,143,0
657,143,0
658,143,0
659,143,0
660,24,0
661,10,0
182,32,0
183,57,0
184,57,0
185,57,0
186,57,0
187,57,0
188,57,0
189,57,0
208,67,0
209,185,0
210,229,0
211,252,0
212,252,0
213,252,0
214,253,0
215,252,0
216,252,0
217,252,0
218,185,0
219,66,0
234,13,0
235,188,0
236,246,0
237,252,0
238,253,0
239,252,0
240,252,0
241,252,0
242,241,0
243,139,0
244,177,0
245,252,0
246,253,0
247,246,0
248,187,0
249,13,0
261,26,0
262,255,0
263,253,0
264,244,0
265,175,0
266,101,0
274,126,0
275,244,0
276,253,0
277,153,0
288,82,0
289,243,0
290,253,0
291,214,0
292,81,0
303,169,0
304,252,0
305,252,0
315,19,0
316,215,0
317,252,0
318,206,0
319,56,0
331,169,0
332,252,0
333,252,0
343,157,0
344,252,0
345,252,0
346,13,0
359,169,0
360,252,0
361,151,0
370,41,0
371,253,0
372,253,0
373,128,0
386,92,0
387,253,0
388,206,0
389,13,0
398,166,0
399,252,0
400,196,0
401,9,0
414,216,0
415,252,0
416,142,0
426,253,0
427,252,0
428,168,0
441,89,0
442,253,0
443,208,0
444,13,0
454,253,0
455,252,0
456,68,0
468,38,0
469,225,0
470,253,0
471,96,0
482,254,0
483,253,0
484,56,0
495,45,0
496,229,0
497,253,0
498,151,0
510,253,0
511,252,0
512,81,0
522,70,0
523,225,0
524,252,0
525,227,0
538,216,0
539,252,0
540,168,0
548,29,0
549,134,0
550,253,0
551,252,0
552,186,0
553,31,0
566,91,0
567,252,0
568,243,0
569,125,0
573,51,0
574,114,0
575,113,0
576,210,0
577,252,0
578,253,0
579,151,0
580,19,0
595,157,0
596,253,0
597,253,0
598,254,0
599,253,0
600,253,0
601,253,0
602,254,0
603,253,0
604,244,0
605,175,0
606,51,0
623,19,0
624,122,0
625,196,0
626,197,0
627,221,0
628,196,0
629,196,0
630,197,0
631,121,0
632,56,0
655,25,0
235,40,0
236,37,0
238,7,0
239,77,0
240,137,0
241,136,0
242,136,0
243,136,0
244,136,0
245,40,0
246,6,0
261,16,0
262,135,0
263,254,0
264,233,0
266,152,0
267,215,0
268,96,0
269,140,0
270,155,0
271,118,0
272,230,0
273,254,0
274,158,0
275,68,0
288,19,0
289,164,0
290,254,0
291,114,0
294,235,0
295,140,0
301,99,0
302,230,0
303,254,0
304,186,0
305,14,0
315,70,0
316,226,0
317,242,0
318,121,0
322,104,0
323,195,0
324,38,0
330,33,0
331,179,0
332,253,0
333,140,0
342,41,0
343,241,0
344,198,0
345,43,0
359,24,0
360,209,0
361,223,0
370,164,0
371,250,0
372,66,0
388,136,0
389,253,0
398,254,0
399,158,0
416,136,0
417,215,0
426,255,0
427,76,0
442,5,0
443,127,0
444,246,0
445,133,0
454,254,0
455,122,0
469,5,0
470,150,0
471,247,0
472,91,0
473,9,0
482,254,0
483,165,0
495,13,0
496,79,0
497,194,0
498,216,0
499,84,0
510,111,0
511,251,0
512,87,0
519,16,0
520,25,0
521,40,0
522,107,0
523,186,0
524,213,0
525,117,0
526,25,0
538,14,0
539,185,0
540,235,0
541,142,0
542,23,0
546,91,0
547,157,0
548,231,0
549,207,0
550,126,0
551,49,0
569,143,0
570,195,0
571,255,0
572,254,0
573,254,0
574,244,0
575,157,0
576,76,0
599,39,0
600,39,0
601,39,0
602,33,0
96,56,0
97,247,0
98,121,0
124,24,0
125,242,0
126,245,0
127,122,0
153,231,0
154,253,0
155,253,0
156,104,0
157,12,0
181,90,0
182,253,0
183,253,0
184,254,0
185,221,0
186,120,0
187,120,0
188,85,0
206,67,0
207,75,0
208,36,0
209,11,0
210,56,0
211,222,0
212,254,0
213,253,0
214,253,0
215,253,0
216,245,0
217,207,0
218,36,0
233,86,0
234,245,0
235,249,0
236,105,0
239,44,0
240,224,0
241,230,0
242,253,0
243,253,0
244,253,0
245,253,0
246,214,0
247,10,0
260,8,0
261,191,0
262,253,0
263,143,0
269,29,0
270,119,0
271,119,0
272,158,0
273,253,0
274,253,0
275,94,0
288,15,0
289,253,0
290,226,0
291,48,0
300,4,0
301,183,0
302,253,0
303,248,0
304,56,0
316,42,0
317,253,0
318,178,0
329,179,0
330,253,0
331,184,0
332,14,0
344,164,0
345,253,0
346,178,0
357,179,0
358,253,0
359,163,0
371,61,0
372,254,0
373,254,0
374,179,0
384,76,0
385,254,0
386,254,0
387,164,0
399,60,0
400,253,0
401,253,0
402,178,0
411,29,0
412,206,0
413,253,0
414,253,0
415,40,0
427,60,0
428,253,0
429,253,0
430,178,0
439,120,0
440,253,0
441,253,0
442,245,0
443,13,0
455,60,0
456,253,0
457,253,0
458,178,0
467,120,0
468,253,0
469,239,0
470,63,0
483,60,0
484,253,0
485,253,0
486,178,0
494,14,0
495,238,0
496,253,0
497,179,0
511,18,0
512,190,0
513,253,0
514,231,0
515,70,0
521,43,0
522,184,0
523,253,0
524,253,0
525,74,0
540,86,0
541,253,0
542,253,0
543,239,0
544,134,0
545,8,0
548,56,0
549,163,0
550,253,0
551,253,0
552,213,0
553,35,0
568,16,0
569,253,0
570,253,0
571,253,0
572,253,0
573,240,0
574,239,0
575,239,0
576,247,0
577,253,0
578,253,0
579,210,0
580,27,0
596,4,0
597,59,0
598,204,0
599,253,0
600,253,0
601,253,0
602,253,0
603,253,0
604,254,0
605,253,0
606,250,0
607,110,0
626,31,0
627,122,0
628,253,0
629,253,0
630,253,0
631,253,0
632,255,0
633,217,0
634,98,0
99,70,0
100,255,0
101,165,0
102,114,0
127,122,0
128,253,0
129,253,0
130,253,0
131,120,0
155,165,0
156,253,0
157,253,0
158,253,0
159,234,0
160,52,0
183,99,0
184,253,0
185,253,0
186,253,0
187,253,0
188,228,0
189,26,0
209,60,0
210,168,0
211,238,0
212,202,0
213,174,0
214,253,0
215,253,0
216,253,0
217,127,0
235,91,0
236,81,0
237,1,0
238,215,0
239,128,0
240,28,0
241,12,0
242,181,0
243,253,0
244,253,0
245,175,0
246,3,0
262,18,0
263,204,0
264,253,0
265,77,0
270,7,0
271,253,0
272,253,0
273,253,0
274,54,0
289,54,0
290,248,0
291,253,0
292,253,0
293,143,0
298,1,0
299,127,0
300,253,0
301,253,0
302,188,0
317,104,0
318,253,0
319,253,0
320,253,0
321,20,0
327,81,0
328,249,0
329,253,0
330,191,0
345,192,0
346,253,0
347,253,0
348,218,0
349,5,0
356,203,0
357,253,0
358,208,0
359,21,0
372,56,0
373,237,0
374,253,0
375,250,0
376,100,0
384,104,0
385,253,0
386,253,0
387,75,0
400,76,0
401,253,0
402,253,0
403,224,0
412,119,0
413,253,0
414,253,0
415,75,0
428,80,0
429,253,0
430,253,0
431,103,0
439,4,0
440,241,0
441,253,0
442,218,0
443,32,0
456,213,0
457,253,0
458,253,0
459,103,0
467,125,0
468,253,0
469,253,0
470,191,0
484,213,0
485,253,0
486,253,0
487,103,0
494,3,0
495,176,0
496,253,0
497,253,0
498,135,0
512,213,0
513,253,0
514,253,0
515,103,0
521,9,0
522,162,0
523,253,0
524,253,0
525,226,0
526,37,0
540,179,0
541,253,0
542,253,0
543,135,0
548,46,0
549,157,0
550,253,0
551,253,0
552,253,0
553,63,0
568,23,0
569,188,0
570,253,0
571,249,0
572,179,0
573,179,0
574,179,0
575,179,0
576,233,0
577,253,0
578,253,0
579,233,0
580,156,0
581,10,0
597,51,0
598,235,0
599,253,0
600,253,0
601,253,0
602,253,0
603,253,0
604,253,0
605,251,0
606,232,0
607,120,0
626,16,0
627,124,0
628,253,0
629,253,0
630,253,0
631,253,0
632,152,0
633,104,0
